0,235628906370057	0,00120860389558368
0,797702100334291	0,00853795554502157
0,827916552123207	0,0269794382672997
0,598786868667061	0,0539139686393212
0,150916449698274	0,0793362284942432
0,509556920624085	0,0954645315169043
0,179088959418592	0,100314029855227
0,507535299789534	0,0937245566964220
0,738139356133315	0,0794163955862849
0,322155250928187	0,0602467785415312
0,831026128093785	0,0366835224844126
0,653152416457734	0,0123533716071744
0,677790852896322	-0,0108258497667518
0,979645011991554	-0,0312449409793200
0,0362692626162661	-0,0501774026539324
0,329688677065522	-0,0735354703697965
0,136658999825432	-0,101362777278892
0,343316709757373	-0,129239868777263
0,0402368229539790	-0,153993534454240
0,252656045234458	-0,173309546708772
0,585668455544948	-0,182000479702476
0,614359691847450	-0,174201729641797
0,937635479508569	-0,147662339749149
0,577623834119905	-0,104597397173135
0,288003080978550	-0,0539228744623532
0,000759917408269306	-0,00676012448989286
0,739305126564132	0,0336069858102053
0,140943644326004	0,0685810212577507
0,863887251028434	0,0977717880372578
0,0941157610840506	0,120063688205075
0,561866260839865	0,132647545071465
0,0330305902245588	0,133833541319002
0,720023211394320	0,125557532149344
0,301386308931230	0,111886275012709
0,969130274617343	0,0969886606105654
0,842996460197655	0,0856129265627718
0,0812259410766819	0,0751864682282609
0,584645015843305	0,0592774559004319
0,376347389288745	0,0393576658449797
0,209675529741049	0,0165357502410467
0,466397708548651	-0,00886683679048162
0,292236740708525	-0,0337081504683322
0,589925030361474	-0,0550445869706304
0,483986592985714	-0,0700171613491265
0,901036309424094	-0,0757776897063151
0,262643677994681	-0,0729611566837020
0,685946602695646	-0,0655993769241882
0,951242667242975	-0,0526846738634651
0,308542848056254	-0,0348394167583587
0,311995981809099	-0,0200002297865999
0,674665896559595	-0,0104713695047029
0,942821198118615	-0,00101898475332879
0,117831921032537	0,00778741940018842
0,879753361503960	0,0119108783995700
0,704507365325161	0,0144395207805750
0,930619638742789	0,0185780585461774
0,413601292041953	0,0221361545500100
0,119324283809919	0,0188963685225515
0,152486092862043	0,00476089720408152
0,515546694589548	-0,0160013952796936
0,682678029623838	-0,0348859014088355
0,363714082475983	-0,0477990024479571
0,862524208074866	-0,0536900407362445
0,352021884858975	-0,0516142751293704
0,147491148907586	-0,0462032553537996
0,920111058365234	-0,0385260639748375
0,971790724341685	-0,0217664129734460
0,157655713115411	0,00161531513981931
0,987868386705970	0,0245108529205691
0,104126090523831	0,0446139560560166
0,653477492306467	0,0582996348435388
0,532345198663818	0,0655852851110435
0,00945525130131086	0,0653999499481856
0,880578724250158	0,0571583991441242
0,127630318367147	0,0451459357459050
0,332758896460544	0,0286373705279904
0,310293696007478	0,00795672958227402
0,132521680486445	-0,0142157645756429
0,923034955599313	-0,0331119692529779
0,320204191514330	-0,0430265077704827
0,767910831768590	-0,0441416691222682
0,0631267539449655	-0,0397854489634463
0,120624181278309	-0,0357346285063533
0,183165877332399	-0,0346132882706038
0,947128692601660	-0,0305430978229587
0,193970799004924	-0,0196256574010220
0,595812271100970	-0,00559090061497371
0,835255050459100	0,0113169460989881
0,587909770216776	0,0321532621996391
0,374719855644487	0,0513927046833936
0,927557943378762	0,0662355512759000
0,866400493338472	0,0795078193459877
0,791994168888411	0,0908990396772235
0,460729427172956	0,0954175186651133
0,946373464818695	0,0910105924415820
0,499923533380258	0,0791220352130787
0,0199001743264138	0,0561196821954602
0,301170549430817	0,0191799548842789
0,928266918234476	-0,0226809024239800
0,238259762664643	-0,0604963828922901
0,258945142317475	-0,0951087203049268
0,601539653802035	-0,124830861231665
0,336190486820880	-0,144439699922977
0,474065304709025	-0,152841863859509
0,530364466041061	-0,149358154056962
0,144098791973100	-0,135468597215221
0,772058705142507	-0,113065497975572
0,688887235354060	-0,0800424928631102
0,874655817940480	-0,0366945094196117
0,820119035131983	0,0131592867708226
0,430761073608190	0,0624217014107948
0,137611255497505	0,100673383536197
0,628333321517397	0,123480707329312
0,899222598273413	0,135943661127407
0,772532791052431	0,142628358363074
0,896117628686239	0,143508685069214
0,973353463265428	0,139108334779164
0,230217403528999	0,126698843673342
0,972873056173344	0,103714534047184
0,151212144737473	0,0722200308355075
0,914082862545711	0,0346293974611996
0,304053393750315	-0,00499756348831827
0,887487137540358	-0,0426412849321094
0,0876653983947138	-0,0767530410061702
0,825143366588663	-0,106180457328564
0,313671701753407	-0,127725747065867
0,628991503360754	-0,139871390419126
0,467435206018959	-0,142360640770446
0,898771414944080	-0,133295687434577
0,856658455623391	-0,110978836201952
0,0381554038770088	-0,0812529570469940
0,773924277452832	-0,0521337220294987
0,472745796406378	-0,0234629276138371
0,160108441191957	0,00205446949037115
0,733280365872545	0,0215008719666899
0,0480811403192590	0,0355893610282657
0,964172496045016	0,0451579515189593
0,593570449429478	0,0545794497787592
0,595469139376663	0,0640917004446613
0,0658862148628667	0,0681057044965073
0,400444013179807	0,0634123024497244
0,785041228881382	0,0546924798968276
0,854081446844206	0,0494394551076819
0,346518051930525	0,0472564177292603
0,790452423852892	0,0446852161202321
0,894446172669516	0,0439262034822006
0,866644785126913	0,0471368274720097
0,690425870004310	0,0515696099532012
0,386483523655867	0,0518187970337473
0,233014381246015	0,0425559514514723
0,764525934576549	0,0249497430847014
0,254658013014760	0,00345465163153501
0,00101673373838607	-0,0235636480583052
0,319139059806808	-0,0562666897223932
0,887473969354376	-0,0852212525174639
0,926719760146830	-0,0999777165799620
0,461364908885307	-0,100087805886895
0,605571242642574	-0,0913855858114673
0,325860450925608	-0,0779346273857008
0,625761422494346	-0,0617060758334549
0,583557925203946	-0,0425520833339867
0,0124489208530347	-0,0239765771503372
0,0180101086911271	-0,0130437352070752
0,572411630873598	-0,00859036710556607
0,194726495333107	-0,00511502540169562
0,428529996286208	-0,00168046104861723
0,830426880512994	0,00480693947135603
0,841549950410440	0,0192763332877328
0,475172578107141	0,0395116476798565
0,284040762278258	0,0577840031301523
0,468081598745317	0,0695486068664947
0,0393508239089558	0,0732061376772778
0,0191477056417978	0,0659094967944283
0,410572468752742	0,0496748176798037
0,809518302287416	0,0335269590303802
0,283177333649953	0,0222208347851369
0,451007782418692	0,0131591604705781
0,280693314970998	0,00465334723461233
0,980830275192963	-0,000115247669814116
0,302676171065959	0,00114683161001882
0,815164328016468	0,00599978092108304
0,0815610842432916	0,0107447521353858
0,895059428689594	0,0135956131629843
0,250614749590039	0,0152710278109211
0,253572594392850	0,0127316517440368
0,684813220805678	0,00536225131422033
0,568988998517271	-0,00181234372583877
0,213761905868821	-0,00933544984579451
0,920100844114464	-0,0173336473963849
0,156369978560706	-0,0236157515157231
0,347210125989707	-0,0312331031712413
0,839210596304586	-0,0385429839300421
0,328413114762925	-0,0412396789002121
0,478460281548033	-0,0415983307432756
0,626375487361568	-0,0399826809579172
0,373408375104236	-0,0355030874688886
0,745583998548947	-0,0286269737620440
0,906296157473793	-0,0167135913278063
0,981718393281228	0,00232915373721954
0,864106669705407	0,0262399844411808
0,904991174439591	0,0507424200882652
0,0650461916457431	0,0680820668101783
0,826760053039657	0,0724909102753406
0,199849605201093	0,0653756138420736
0,917683885855672	0,0499650003818096
0,445254865783962	0,0303909361894143
0,574344656770233	0,00832371900529093
0,162507477915042	-0,0171486970753816
0,382438022671977	-0,0453286836871460
0,678612518539518	-0,0708746257011096
0,914612658271840	-0,0856526711957070
0,170013657623504	-0,0892462426990885
0,909050801352678	-0,0851047964601150
0,626516844520510	-0,0717602199810593
0,408822735947764	-0,0515456316102372
0,153428564459653	-0,0319358052743186
0,939661365164968	-0,0136736275135735
0,725380174628482	0,00805334153564079
0,723307064190794	0,0326929692821046
0,842506081670561	0,0568274141568647
0,701053934743612	0,0783882804215533
0,0658795128305700	0,0910187984558167
0,250858502211273	0,0880717078206418
0,0352803027653006	0,0696055129706568
0,0836631542906995	0,0388942651252831
0,801979525013186	0,00425080622536007
0,0590978229850747	-0,0261462457709166
0,636267888398180	-0,0506508040071534
0,751528307784537	-0,0646039117746776
0,731707993791429	-0,0638442763661067
0,0692296247611328	-0,0536155404215744
0,922630985072583	-0,0387064239697287
0,0438345606221490	-0,0201748413035177
0,485733597132367	-0,00261310909883648
0,895858687154351	0,0147496815778931
0,612365219461293	0,0352669614627017
0,355160670940708	0,0538627211499897
0,436395964424522	0,0648016905140959
0,849179622790461	0,0693818163175870
0,0812059210522076	0,0682413933364502
0,159211166331225	0,0563061283972491
0,890312498286143	0,0366524173625147
0,664741533599326	0,0188590868692301
0,236618908729924	0,00303027306741543
0,798938017991843	-0,0127679161764034
0,735677512944879	-0,0240238608949491
0,532091572094528	-0,0295240582267596
0,0922067002767676	-0,0346963711571134
0,0877419926498434	-0,0447312993629463
0,506387879734535	-0,0576106045397845
0,110969274266823	-0,0686957136084889
0,853611105105141	-0,0745020178210071
0,730928370604307	-0,0695097323732071
0,954726302835562	-0,0516312166209763
0,538656385558069	-0,0248586481801070
0,891838346510161	0,00554911992264077
0,873390709001255	0,0373559255707785
0,564631008839251	0,0668676557883344
0,446744057945154	0,0870301112485173
0,386425299876289	0,0935924071887296
0,976411177546423	0,0893014876440112
0,497760827551223	0,0789139539047712
0,488514698037663	0,0616238920153497
0,848831620625105	0,0387819634909813
0,629056042706747	0,0154277146042192
0,986989853475753	-0,00525620674530097
0,139101502289222	-0,0240654676654637
0,00718065129568390	-0,0473760221786450
0,643073937033777	-0,0743821962621076
0,194126185305294	-0,0975750434310024
0,389085991739289	-0,114750733594889
0,921856467515392	-0,121587998288004
0,287371803458017	-0,114620758774875
0,769425813161283	-0,0969104423609321
0,373649954206100	-0,0710909588129616
0,114010301661591	-0,0428256397176901
0,173915041517392	-0,0185471492431632
0,287368156620203	0,00112808774154960
0,283820773438574	0,0176718538563492
0,940431977434799	0,0349180442785343
0,508236710022271	0,0562266759934127
0,983149148002792	0,0803646332862275
0,234485785640200	0,103014686579681
0,933351564627886	0,119903238671449
0,275267596574124	0,129380826404440
0,715883276702819	0,129671226129995
0,681744225232058	0,121914392286464
0,143441297214035	0,105863054312399
0,642979346795526	0,0798295181973066
0,182702675717868	0,0467401516045130
0,366541603180617	0,00870165725991755
0,265221025544744	-0,0314970578489063
0,243250325931656	-0,0701453769104244
0,996646701211260	-0,100581497332684
0,917690670588095	-0,113758531311538
0,767188025458438	-0,108891040415902
0,647572109697048	-0,0920371150903103
0,991759043107701	-0,0670415066819142
0,0947308617684259	-0,0394252209795614
0,164666629678159	-0,0194586083453246
0,779865610673293	-0,00829003152580132
0,367523670760888	-0,000591322672577471
0,0715380661662481	0,00114431029708070
0,396176468888038	-0,00530449527709156
0,0418620819649477	-0,0172177502078585
0,852324588579483	-0,0294132465748230
0,303996546559210	-0,0359888531492771
0,594797231768788	-0,0363407627986804
0,289792208181304	-0,0320230978417002
0,309437731006688	-0,0249257222250609
0,564460846464204	-0,0154055495673112
0,220915367823835	-0,00305851520702558
0,668079723339512	0,0111403627703851
0,605123583425725	0,0284622168247883
0,793090728173640	0,0494515669793219
0,0471560112112459	0,0689676754257741
0,121223032440579	0,0785827606663214
0,599239164372379	0,0780406604947891
0,566094112449101	0,0738354257447464
0,358468356784992	0,0673954446561912
0,765397865991698	0,0587318836351031
0,584404763172632	0,0504064848457704
0,215610133774612	0,0405250217930284
0,995569954814967	0,0286507667868908
0,324270828631311	0,0180545141718005
0,620049521203031	0,00722495493021421
0,734469626893420	-0,00341886651009869
0,636988517299174	-0,0114514530645514
0,653642205270061	-0,0176414674666665
0,589462776989114	-0,0230561702571007
0,325176618859686	-0,0298078899658836
0,0510117759563676	-0,0418211438230136
0,873842143988662	-0,0569263504856930
0,676267273686103	-0,0667468896741242
0,949707117518444	-0,0672876535784441
0,132164943371063	-0,0622111629532579
0,159438697197697	-0,0594394815316534
0,364614211057789	-0,0609648414445464
0,993098856082384	-0,0593677543006894
0,192175457832176	-0,0509365939227710
0,419983787287912	-0,0406125340542657
0,774487175288760	-0,0287031688662220
0,427580002399834	-0,0126767100864645
0,670984388021082	0,00541700610637803
0,978903660813489	0,0263049740843957
0,110808610120133	0,0476564042924977
0,851210916512204	0,0637378791193852
0,0362618395585577	0,0727123844035178
0,333547978224077	0,0716474192841140
0,692599546085648	0,0629047301709446
0,0939410981540962	0,0506097280985481
0,882859030674708	0,0360738350830630
0,470951170971814	0,0237945054873903
0,722656770080846	0,0153701113640234
0,682015555864656	0,0108082862453146
0,0312887566461926	0,00693957231836533
0,00658484036032903	-0,00341501263500525
0,309156802853103	-0,0202251303582583
0,945416343090485	-0,0342291131319789
0,940273182613396	-0,0362494874948844
0,642524948128272	-0,0265317699616075
0,553372929789817	-0,0118815845349438
0,663684913942920	0,00319943241317166
0,915549880669397	0,0187346270704434
0,0658376184693744	0,0313337469880612
0,398446160464222	0,0339001688189153
0,164694266966745	0,0253373222284643
0,612595729927453	0,00981796160619958
0,903000546277289	-0,00508942110914299
0,689027021485289	-0,0139134018955414
0,450376459896917	-0,0189479191381709
0,319536175320049	-0,0246844506318163
0,354099901212322	-0,0327221214836279
0,192399938263364	-0,0426768430341932
0,182233861759418	-0,0541935170814914
0,210112715682935	-0,0658051127453428
0,389093152459248	-0,0740847281527986
0,957124942515596	-0,0726307217878531
0,233037998949856	-0,0590786579832478
0,495443263384876	-0,0390807633444056
0,156034483597975	-0,0176048684875825
0,419465367454735	0,00301817611730779
0,855806906123955	0,0248151075277846
0,00441254141493508	0,0472968115268064
0,0978390529764195	0,0621894004695422
0,933113093743654	0,0702927563320774
0,291344152412518	0,0776621325643585
0,976003730594194	0,0844442899071407
0,468370563075325	0,0904386378481502
0,920480117100601	0,0947559994741599
0,881417634137321	0,0977719855470359
0,420481631063656	0,0973508845361997
0,762533213226355	0,0891604164081969
0,422979351923603	0,0729976165678660
0,197646314359030	0,0472665910737937
0,887335199118776	0,0142441230183102
0,354955114630508	-0,0194412693253135
0,907937540932835	-0,0503032267273733
0,487738633926165	-0,0755869330563755
0,0239229412755523	-0,0979383226272540
0,367642049254217	-0,120669209319613
0,658892299937470	-0,138079915604653
0,383664530380227	-0,144947291719533
0,193820117791109	-0,143455019666163
0,510935926565879	-0,135372057177745
0,864703351988198	-0,116744422537860
0,450938318508797	-0,0863881496536816
0,380510123528578	-0,0506453138138897
0,662332114735393	-0,0140221761132856
0,486110152825355	0,0225081407148621
0,561369155470547	0,0562075027861573
0,0665622845227213	0,0820668014055453
0,941588208792613	0,0989819357373954
0,520002173832548	0,111165964134537
0,765735390965470	0,119302704801538
0,150629722039702	0,119784196088630
0,739248487044208	0,111007644606529
0,232902528373605	0,0948304922882717
0,485522972408697	0,0723118082088784
0,177322409476233	0,0443166479195324
0,774035813721967	0,0150663379636321
0,254365850109122	-0,0110089604969957
0,402105656357544	-0,0338497587061064
0,211611401264214	-0,0541203713065130
0,248338926046996	-0,0712188449088206
0,0266942886137408	-0,0854144778866094
0,0420369478425294	-0,0971704497468311
0,0990807139509681	-0,105447602260357
0,406508072851791	-0,106511344881572
0,103696523323962	-0,0982203927239475
0,484512826773176	-0,0811951212767541
0,366071590321841	-0,0555430966724004
0,249046031084453	-0,0240200855009167
0,244433437287677	0,00830165100167413
0,842465688678996	0,0411964252313979
0,0126824452365214	0,0734628569415281
0,991522404057292	0,101448405846782
0,0988271258173181	0,123812967280279
0,981409304706574	0,138775206403816
0,564439580529827	0,147185838920267
0,939013478749318	0,149837678441885
0,152931624509597	0,143088323014349
0,523855117632967	0,122824552420329
0,577380614537882	0,0914068332764511
0,0102006039293481	0,0515369442678913
0,641458109771245	0,00471606197858027
0,900729841235004	-0,0394567619324164
0,563132419160710	-0,0737967008940623
0,541176450938646	-0,0995770382439908
0,883890969745651	-0,116288281095852
0,736389136219388	-0,121265858868923
0,106316304348526	-0,118977553863825
0,928663351763306	-0,113573028852948
0,0979041810005931	-0,104535811535808
0,928912250785701	-0,0926265296602888
0,472152154191585	-0,0766584351836148
0,225424998078688	-0,0596637486041637
0,987551682593080	-0,0434502524189625
0,197766004137597	-0,0259221220803003
0,230775051748855	-0,0121312015110349
0,704272220186930	-0,00305334437009596
0,549679812737562	0,00653272677032363
0,524337302661062	0,0171681062855105
0,664798682620063	0,0279844760745606
0,269281282254994	0,0377038475719254
0,483608727975385	0,0437137085308847
0,461594370340446	0,0464583750768986
0,230184475201352	0,0461524869022522
0,649829311927342	0,0431748445181390
0,324370643204819	0,0398263827371955
0,705730763400531	0,0372405183089595
0,422631678308654	0,0361747437259754
0,955129884057034	0,0379559075391847
0,415468387079444	0,0426527977487894
0,763291779368099	0,0475498049207214
0,627307725079884	0,0513727124991048
0,895117229147097	0,0546964917270373
0,845508715943673	0,0578889705387585
0,256887187562541	0,0571163739925864
0,553951161983262	0,0469721601690661
0,996789326860701	0,0312062311375680
0,775804996706092	0,0161802167044654
0,0881912609764614	-0,00143569751351656
0,548054838103627	-0,0261861155155465
0,918489693523189	-0,0517047026699593
0,416244703416408	-0,0719067919530337
0,0153980980591384	-0,0910198629414902
0,922874028154328	-0,108890636574329
0,470734427049105	-0,118108721842364
0,953482725367151	-0,115726975741333
0,155267416938142	-0,104364719718330
0,0950047158198781	-0,0915420853557702
0,210756290347929	-0,0814376105232114
0,411262436646840	-0,0709218691592786
0,0760702909491919	-0,0583657423430538
0,119732848542083	-0,0457401506252846
0,177819739896224	-0,0333995972677536
0,984093530577157	-0,0156687647144638
0,622731700786885	0,0130650341636961
0,339365989412129	0,0480271678187953
0,846534750352751	0,0830671992682671
0,871445888317128	0,118715349918652
0,852585546456800	0,153573659994950
0,273467633638822	0,180075297149536
0,598252188915039	0,191012382941362
0,493329650510809	0,185941498400549
0,748044443081313	0,167958767730088
0,222848661465752	0,138223726471514
0,828878955404436	0,0985382197911816
0,477516528626535	0,0542550007870405
0,840721863442790	0,0100841808055828
0,00839552444288916	-0,0335684803946287
0,120340735590115	-0,0797413697985422
0,468724887024910	-0,125217093711218
0,0590093659261319	-0,163362005289761
0,543617627920033	-0,190869247959874
0,287343511531130	-0,204051891024316
0,542640848274071	-0,201302536172308
0,796007697406438	-0,181193091274320
0,489194002485707	-0,144515141942983
0,321754407391577	-0,0987744812827838
0,366764349760439	-0,0515358443068817
0,531619213853534	-0,00580728260201113
0,421014681470223	0,0367141704433978
0,0948732025059930	0,0712684492844088
0,344957216351424	0,0937930262712883
0,0896733218555532	0,104180804779809
0,835898096159180	0,106294975786051
0,639575392059284	0,106749863192885
0,495023905916817	0,106499919429184
0,995655999264856	0,105092891492870
0,885346292417283	0,105751506426228
0,171230563463342	0,104463038670618
0,0781921230775963	0,0917750124748604
0,633685311917091	0,0678279579244218
0,224067131632349	0,0389454637436173
0,920270516074931	0,0100348466178333
0,557375310755784	-0,0137710801921312
0,845675824012141	-0,0305480355654927
0,501525116577313	-0,0413418142239282
0,795870319659623	-0,0473675033645901
0,160370259460774	-0,0514447005869443
0,652291518235047	-0,0563777623181856
0,0692562968654407	-0,0628427108708017
0,651163641393471	-0,0702366099577544
0,513718727732617	-0,0749486040545817
0,331004263003700	-0,0757550428079144
0,444151297175565	-0,0745347408656945
0,414789363144664	-0,0707627509365010
0,0944672605955053	-0,0655743986798594
0,333607353746554	-0,0607484998654744
0,0950022207278629	-0,0557425961300417
0,0609884058363456	-0,0509973213200863
0,887428570798037	-0,0426637397430947
0,00711512522065727	-0,0268748412978013
0,621692360924154	-0,00686177469403985
0,507430507248847	0,0169678505694926
0,618719714819158	0,0449399205851092
0,896558348427133	0,0759004261983799
0,842238307494578	0,109252463744936
0,136036647701211	0,137743370410697
0,447251275069364	0,152278530323352
0,341514552131130	0,151545556690419
0,996326618584769	0,140687255561888
0,984259707219947	0,126968939067340
0,421629505665536	0,110569699786784
0,858121413539641	0,0878125166242789
0,936823622343597	0,0619914425883591
0,451659066621557	0,0347166714238494
0,142120973284571	0,000859132030771204
0,764640357064717	-0,0389877397587481
0,747829692230486	-0,0760183026832205
0,832645296074047	-0,104184327260920
0,735276262246556	-0,122282327374739
0,199037867614485	-0,133620375614490
0,722701600668482	-0,141183471125326
0,563654698950098	-0,142231021693255
0,381061518622699	-0,136577376259173
0,917276165923026	-0,124562264888488
0,230406454595062	-0,105960498824557
0,932885971680379	-0,0829383893753440
0,587659326935508	-0,0551033646001929
0,504591887263499	-0,0250447970917528
0,402564204873754	0,00193273881306699
0,667838474113515	0,0247182917360729
0,246073913941280	0,0427993286679427
0,347131945650761	0,0535627702121350
0,612731892836256	0,0581997201575847
0,773087837886948	0,0620163836398850
0,431579473776275	0,0663730186034074
0,375285547142590	0,0678485592678188
0,227422778881299	0,0636888484358898
0,271279025071965	0,0536863013532457
0,579716680651965	0,0411391628999630
0,834384802267280	0,0324140205093626
0,465922595681985	0,0297874611673502
0,347031948754320	0,0289240535088317
0,741513905354622	0,0280316670879860
0,522691031270412	0,0289909580882944
0,477094791921104	0,0302396320639977
0,486870679362837	0,0292971938612465
0,198851087528187	0,0242683591003037
0,783840556250370	0,0157800396759200
0,165881939293358	0,00602698629887320
0,794556243425661	-0,00447576843204514
0,504893518706371	-0,0132178044881565
0,667099102907576	-0,0189779608784006
0,427873046968804	-0,0231531118266065
0,100565193004766	-0,0292091167665344
0,378658671884701	-0,0394465387184574
0,0964423265117864	-0,0521468263197185
0,911708692907515	-0,0623878860226131
0,954973030423177	-0,0617917400278582
0,167723616311243	-0,0512413113213984
0,361487658901359	-0,0400064913420941
0,581350930280800	-0,0296923376535109
0,228673905924240	-0,0191194710763455
0,804714158013491	-0,00837017560909964
0,386579648336684	0,00389755182217549
0,899407902077655	0,0178184359483976
0,145071905108253	0,0310927400428850
0,641294468913496	0,0399303518862759
0,541406230256311	0,0448753691798164
0,745184248180664	0,0485113845834403
0,838142456260238	0,0523969454199596
0,950874876020684	0,0580979789778384
0,245717846812899	0,0618871579088647
0,736391190282741	0,0586102401632507
0,262589346438011	0,0479155709312944
0,177100876209900	0,0285707310942959
0,452995797258069	0,00156267671859359
0,735585471770486	-0,0254602705256844
0,880018030872933	-0,0448103943977541
0,0776120666283261	-0,0571335335840854
0,575558619714676	-0,0672650195833424
0,318414128067489	-0,0744799990421110
0,793626226244310	-0,0755789034709050
0,368959761471558	-0,0694424937839940
0,0303559979703822	-0,0608985198543479
0,964281587444577	-0,0512264688917883
0,908773685045894	-0,0330992609935816
0,941646709731088	-0,00481303254528784
0,787384434655505	0,0284677106855929
0,790312590681638	0,0609684706538961
0,397112777430980	0,0862948499644644
0,225517712023988	0,0975478682128970
0,137468092935393	0,0911061715087433
0,306052035338457	0,0692256421287766
0,763951069250298	0,0400684518945099
0,0540610596595681	0,00949914119655408
0,124226986604450	-0,0238538806044812
0,226018522639924	-0,0582565588316215
0,0318302284859064	-0,0889274568228878
0,447042937440683	-0,111682649444172
0,545247934435214	-0,120455732449404
0,243831630011186	-0,113745593709690
0,472365228854437	-0,0948926455872697
0,547170213129478	-0,0653026318684510
0,754124707165147	-0,0256052648705662
0,720737550953950	0,0215877636479413
0,636742435035424	0,0707903321483316
0,445151447354960	0,114423557144039
0,548257342435627	0,146480447857238
0,209768892892372	0,162989713559960
0,0682941755216114	0,159955877925634
0,129482652308961	0,136805473686342
0,338910211949607	0,0990823176532528
0,451539571294689	0,0550608180529959
0,314054641360002	0,0108462264699758
0,0981318127739549	-0,0317464618199612
0,750942931898819	-0,0686370718015751
0,349631095063805	-0,0935996100283271
0,968844680112489	-0,103657670586125
0,941076038898992	-0,0960351442587548
0,878410532535936	-0,0719355891264493
0,176989372755826	-0,0412110785874850
0,286135886536631	-0,0153035129686664
0,521653247685700	0,00263484441784265
0,962316721610685	0,0173518465765605
0,767060415975669	0,0323849027674525
0,527944130565642	0,0446417193412288
0,655780437917933	0,0498915264313393
0,381904713816789	0,0468325720903027
0,567346792562868	0,0353974733970274
0,881410825387198	0,0198193312267267
0,501192685605456	0,00418858493795066
0,466331697626436	-0,0127613081619083
0,465789278208439	-0,0315659968700731
0,788178969849904	-0,0484147450114887
0,463921940611914	-0,0600088856794113
0,413240300459496	-0,0676069834012029
0,842732470067282	-0,0704841973389911
0,385110423766863	-0,0666020132767171
0,880172492671221	-0,0566969385989656
0,743740689611908	-0,0400035964493630
0,750477410981843	-0,0175785571760666
0,527590372802538	0,00597098948717013
0,489012626024519	0,0259067275038515
0,142702662277728	0,0377243682289584
0,965448599476115	0,0423213076500812
0,886657709699524	0,0469031289514608
0,536335483558075	0,0524731674724940
0,924955314699012	0,0559061061970598
0,734188832116473	0,0579522819284192
0,423236091191520	0,0564241471590410
0,0168238546277679	0,0451275176013917
0,346675402655633	0,0223494413870480
0,175589827907947	-0,00732732232528148
0,345182274375242	-0,0387400557052990
0,687111588395787	-0,0653358356838398
0,339243109702197	-0,0820045302965706
0,177776621226742	-0,0906491303092871
0,564721343077934	-0,0922300903166129
0,765801041222677	-0,0824435424008800
0,536857301976683	-0,0602889377690592
0,0607199091645743	-0,0330510138606161
0,950883886555301	-0,00507076816262540
0,0589751003195675	0,0234540668668700
0,481949781868600	0,0474714965112537
0,765939951679514	0,0667333938187987
0,213310350070398	0,0822758388639095
0,435877885736826	0,0896876930933651
0,928681886452248	0,0910875107624890
0,0416730633557624	0,0882874496301334
0,396267846050060	0,0766090691768498
0,266850459910287	0,0563653260469345
0,775299314952911	0,0334918647172210
0,976329606397353	0,0156642772150860
0,887683308262185	0,00721804173361870
0,109509024581837	0,00251002106643586
0,549449638156459	-0,00574126873911029
0,660858438998752	-0,0156430405819612
0,168550098992408	-0,0255640852448049
0,426413569691752	-0,0380593509303469
0,221016798316843	-0,0524533564574190
0,644248425234060	-0,0653855286795636
0,103248704297381	-0,0748892150643259
0,740289720445137	-0,0801072238313740
0,113408417272125	-0,0799181649282345
0,103978165344593	-0,0775762863288117
0,907537282857431	-0,0717336094676828
0,520322598042531	-0,0561501953670211
0,564986139641927	-0,0327244148158202
0,476547438679151	-0,00636796103554804
0,740314694378026	0,0210676643920689
0,450852140352412	0,0477686970160513
0,857409248324057	0,0717016152203166
0,364895648979740	0,0908366281725331
0,0543555137204422	0,0989581243986443
0,934113643481997	0,0953472766787157
0,506551292344011	0,0869943443524276
0,935315124218314	0,0770037998082970
0,348807977685986	0,0648017788333648
0,673900613176145	0,0487456037191976
0,0110083941134188	0,0270248851183199
0,677720899409771	0,000301218497034177
0,905131536750616	-0,0237670568164055
0,249481094849886	-0,0412579656879758
0,375571585185971	-0,0568189379122222
0,335888786085354	-0,0714998169325255
0,0593856829802567	-0,0848289007461390
0,146877243228156	-0,0976395223112313
0,280350328829434	-0,107519506993578
0,133280922559021	-0,111569093885568
0,905925115444676	-0,105696286927596
0,124471149059135	-0,0874769352036126
0,754080242922413	-0,0602859732767126
0,0671198257153342	-0,0281992404392189
0,0767368938380365	0,00204165420496449
0,288100465951828	0,0263857587624285
0,224378921696637	0,0462137877804403
0,392234503858165	0,0622789004730129
0,537702987924056	0,0761703542791565
0,491348558922409	0,0890662398929276
0,265562443726148	0,0986660617240355
0,939386474886548	0,104921300961611
0,425999663088360	0,110046203071833
0,384564173729097	0,110453053977192
0,736531114434628	0,104240580701491
0,358519784789817	0,0931085384264235
0,368961410008870	0,0753475682273087
0,556760764501918	0,0514301211331629
0,945962691028218	0,0273504151360299
0,659163916401761	0,00759224857526814
0,636090502183666	-0,00914412505294533
0,673729751449427	-0,0245542857946469
0,470439849462036	-0,0392283585369824
0,501687614532623	-0,0544531686081013
0,313522806171189	-0,0708751856317889
0,126480149922698	-0,0895759454893191
0,377289872253151	-0,109613215163935
0,462682833676063	-0,125933892519249
0,941707536058747	-0,131822792118856
0,125170985667259	-0,126104825515359
0,155502274852418	-0,115802155399219
0,107029173219402	-0,105232471724393
0,813438036269581	-0,0902828039238262
0,544559555117530	-0,0656636980097967
0,411551646437614	-0,0336835163292831
0,343780598345584	-0,000508443106871592
0,748022903101319	0,0322600264925239
0,238690065131398	0,0635075859271354
0,0337411999940491	0,0866846747544866
0,126585636565317	0,0969736649635555
0,818452593346447	0,0993230912841340
0,135021524595603	0,0989744552253417
0,711597878904889	0,0956186134891763
0,655815215891201	0,0917335079075341
0,339593464788068	0,0877840809950954
0,771190529342546	0,0818466919201261
0,722207649164836	0,0762786089126707
0,0814648312369026	0,0686308362680003
0,799490212117371	0,0554630391455885
0,0531896223427484	0,0379822777397094
0,415389305348125	0,0153350204174850
0,835081289603331	-0,00826575573118421
0,976230865004684	-0,0242422536881903
0,665359928119308	-0,0312448837980459
0,483299339681800	-0,0344990093536480
0,745034679294925	-0,0372616661968880
0,308108249907112	-0,0404603429381441
0,745495155740905	-0,0450540150315767
0,299612303984548	-0,0506277586453901
0,349178071164669	-0,0585714404032769
0,277084639170620	-0,0695632873163795
0,248941041530621	-0,0819788416136396
0,777066928417889	-0,0913154086460263
0,229951639009994	-0,0935369378412108
0,643895300775763	-0,0891759532942276
0,882703187050442	-0,0757660342651624
0,762983073688033	-0,0509730306982950
0,871861351150673	-0,0177077454866375
0,418586165194004	0,0180849219771958
0,265285039359411	0,0479060673566525
0,0275200783559805	0,0649728984171638
0,886995661712489	0,0712817730466099
0,897391138813750	0,0759219908486123
0,836261424865393	0,0827235315579993
0,458175902294264	0,0875119964976849
0,935980501779731	0,0876270737016184
0,0171448511107648	0,0812020717089355
0,0600281534656929	0,0623083431783161
0,500872087194199	0,0323392745114651
0,896170623814830	0,00265575709625987
0,155678606539413	-0,0216173996372705
0,228526402353146	-0,0444322708422829
0,959813016363532	-0,0629439116817916
0,271614578204715	-0,0713812411165385
0,636469856435579	-0,0717751699585510
0,637882561601376	-0,0648432946393808
0,483677002770594	-0,0510197611567746
0,610405027383001	-0,0334492024681850
0,942756857257969	-0,0120189488714688
0,656423756046504	0,0131462639081055
0,0831296885216867	0,0344992413992504
0,468863981433354	0,0449203130372645
0,274702630285862	0,0451229375685990
0,573464730913380	0,0382535151914768
0,392021193083670	0,0272505224658667
0,609843910500458	0,0146342921844981
0,223969533154463	0,00122623212705323
0,983991685539097	-0,0103796469886025
0,278381315465961	-0,0170350543725247
0,905442144190923	-0,0189988184915380
0,968107380652959	-0,0137032820266310
0,557349163342345	-0,00131559820683575
0,924276418989353	0,0133334715869386
0,134637225973816	0,0255338641548521
0,176310659530911	0,0279837866043843
0,780442248841045	0,0213131218930634
0,0375473256965272	0,0102230027242335
0,0326871917766562	-0,00805539197235117
0,0674541552350351	-0,0338744122562890
0,593252621502802	-0,0596098841726781
0,735287939245186	-0,0754563279980119
0,552547916302118	-0,0773924228275012
0,466217574369125	-0,0683727434325712
0,343633252951090	-0,0528112957111272
0,498537586752155	-0,0334701052647895
0,283767424261238	-0,0123193849874293
0,575624901926107	0,00893106091476553
0,154736715946981	0,0283357253729556
0,811358407748872	0,0451144023789547
0,912883877552423	0,0632289356036241
0,0848868434480327	0,0804545955400807
0,471319627372551	0,0885689002821484
0,717706077566905	0,0886493633668679
0,939276242275784	0,0869177097827760
0,162890026933802	0,0822803049306179
0,137629344279268	0,0674788327910091
0,415176557287177	0,0419086008866548
0,0152928881720239	0,00991884883938216
0,326001167492294	-0,0257417248815502
0,337670047571304	-0,0597746883696618
0,898079694715904	-0,0842489461608180
0,275575857432051	-0,0954111176606587
0,322973789444352	-0,0973127057656835
0,586259848303999	-0,0921055778636638
0,460218007389892	-0,0784836473574924
0,513871918524948	-0,0582278667623552
0,360275752582867	-0,0347680801646150
0,0256992188842170	-0,0134726244969407
0,907144142842118	0,00476256618007227
0,109528242439839	0,0223478882060193
0,209336542144528	0,0347156301191250
0,371556163234576	0,0395031402967548
0,693085733820900	0,0416016597433874
0,465008524336234	0,0442760846642082
0,232454137920426	0,0451000472986798
0,178446063169723	0,0402426069873223
0,321296058354403	0,0300179283930390
0,266018357980583	0,0172261873775594
0,604630522932136	0,00548259249808495
0,884022714296901	0,000383449757235199
0,140545355070888	0,00187215887845591
0,535555685952992	0,00415050443935251
0,969466684067813	0,00904217774719367
0,0201752482211932	0,0167898918035830
0,693692274999850	0,0214743395935345
0,575849792205225	0,0240672194854657
0,131060498574616	0,0240372028832421
0,937062893449950	0,0201964513375550
0,184540740201443	0,0151666032628366
0,760650401204939	0,00844428531326754
0,795429924966190	0,00271090060605757
0,104418905839593	-0,00240679747949688
0,764482458242482	-0,0105268783278722
0,457001209310369	-0,0189471749072364
0,112325607853222	-0,0285116162371001
0,140435320544129	-0,0430380099949705
0,398583255291048	-0,0599677493615442
0,0129281483859440	-0,0756667430147322
0,0661049752376955	-0,0901679106369859
0,999480668643662	-0,0975419033273895
0,305291432436761	-0,0905598238720857
0,398811869482167	-0,0730059081884352
0,299829579904502	-0,0503662963947166
0,133733315385976	-0,0259861703502712
0,453595168725793	-0,00207665441200067
0,989746283660936	0,0251952579591509
0,576177643761065	0,0580755190582133
0,818630580796509	0,0920119649338440
0,281902180134237	0,120518798104446
0,131017667328197	0,135762057040009
0,545390615573693	0,135315304642594
0,0570956758404082	0,121822104763396
0,0330572720745620	0,0947280028780073
0,282414755880631	0,0566639933103612
0,622489647356232	0,0168412837307549
0,679765200501176	-0,0159369009410855
0,630112026047963	-0,0380627716293835
0,875231656132039	-0,0486238055334953
0,246171403850180	-0,0500277212264632
0,202564381376804	-0,0495946720224312
0,462056663772451	-0,0502362054272705
0,745352879531065	-0,0477899581046100
0,165793823951499	-0,0417629949744923
0,695429788277778	-0,0351451519161165
0,551748378285446	-0,0268720739069635
0,248861414056173	-0,0183010037435723
0,292064617403243	-0,0138903545255171
0,823228589951054	-0,0115090348371025
0,393936868918345	-0,00732635485775897
0,311418422080314	-0,00404330802671354
0,517017958865433	-0,00364168132512053
0,590427806782705	-0,00331867269846124
0,192844078949252	-0,00308737236155696
0,702950501460581	-0,00379423269761237
0,939845905491172	-0,000501153459152146
0,876206325986976	0,0105958928667583
0,855342162021061	0,0272634514438823
0,189788587678213	0,0424151756377581
0,216699403771795	0,0474149884640514
0,0923944878927019	0,0393247657838960
0,397054194121552	0,0214657988893416
0,761720118036131	0,00168787060575883
0,826770880410998	-0,0120068992779665
0,935096501833790	-0,0162693981234376
0,490044203119009	-0,0133560851996751
0,0921101038882987	-0,0111343753046586
0,283272445085802	-0,0151975468788226
0,0255364595502527	-0,0252627467478724
0,0533294717837897	-0,0403561114395022
0,367038091564797	-0,0567633933869369
0,0124092809348463	-0,0700592592445769
0,115236728656779	-0,0797648130913512
0,542906971168772	-0,0826723091803087
0,722551781776623	-0,0723183808383027
0,629920852952375	-0,0471910370605020
0,210801432484484	-0,0136156598835211
0,510189846216937	0,0210092130627972
0,950052691877403	0,0566578476105295
0,834402532853015	0,0950112805895489
0,468764941970664	0,130258484000417
0,675776762292186	0,154926003909078
0,432866593585418	0,165852958373973
0,470602147382537	0,161291066447581
0,900855148666676	0,143801295356045
0,685092592313517	0,118847726870121
0,508858150837276	0,0871651206126895
0,0346354246271582	0,0457027416390905
0,344066213973474	-0,00548536409585777
0,379014313096885	-0,0596761616781038
0,282664287265183	-0,109940316962114
0,409112246646987	-0,152025364484629
0,209788034073965	-0,182732044744540
0,122698328249099	-0,201655299691216
0,373514729819655	-0,207897423813118
0,908516764499075	-0,196066191706511
0,785493891631697	-0,162181488787224
0,403180948493832	-0,112047666358467
0,253474459707676	-0,0571874982359655
0,0311745756111270	-0,00705787459921262
0,873923431025575	0,0367873254774970
0,640062752297933	0,0784039989078273
0,939528846759898	0,117919530551990
0,771301090669535	0,152568423964914
0,695042432604634	0,178370681562797
0,0966487829631747	0,188286862326452
0,741216924648630	0,179359817339314
0,100693061599089	0,154448238172386
0,300806608955317	0,114997525675946
0,0696591540230770	0,0636900773499341
0,321661045259676	0,00668394295809027
0,812584656427039	-0,0459635002000437
0,778212304897634	-0,0838463546368552
0,730784708152307	-0,103977632110380
0,645520848138789	-0,108592740783155
0,901980511159147	-0,0996739213960441
0,130415787928764	-0,0821594003154381
0,386027233464546	-0,0644767681315267
0,711192385362897	-0,0477859164653384
0,388313185218313	-0,0302420577418938
0,712451235586219	-0,0134799080304368
0,144733138199791	-8,42807836539117e-05
0,962253919560101	0,00942103307306556
0,958687007249726	0,0203920731167361
0,636631613557694	0,0338831379174306
0,335460729259750	0,0428681739294573
0,288350196517578	0,0418872367508637
0,661279638181007	0,0324575489738118
0,931725651598205	0,0218688895449697
0,345345378427323	0,0128768374145767
0,421553969593655	0,00163684069528903
0,543454800382351	-0,0119695733087196
0,686702500189869	-0,0236370149167634
0,291212109241190	-0,0322620445902380
0,339957842703293	-0,0402861209602704
0,271037692387295	-0,0483788384538286
0,776550104519893	-0,0528471183807412
0,280157551752898	-0,0507927057184731
0,786664333688156	-0,0426980349439677
0,761269003953054	-0,0271840780259150
0,0893157693450156	-0,00768593363005077
0,147108339855070	0,00679839037577996
0,271186488921761	0,0139638361879244
0,841987800839381	0,0194274771685434
0,226116863356213	0,0266631104234325
0,0393279853411656	0,0304499231206210
0,740478620036333	0,0297259488283599
0,220673268629631	0,0291309439156289
0,872688762888489	0,0303569942090897
0,999652483205000	0,0375221659188891
0,427224331159962	0,0501210040791094
0,245084843020232	0,0589882577475824
0,0688484471466548	0,0573604751191756
0,431954704817377	0,0456846659997862
0,323440011081716	0,0286113578133186
0,315260081861891	0,00903107587922451
0,594538639831707	-0,0102091258219015
0,644198360748345	-0,0243782299498158
0,0348348255646379	-0,0343277423161340
0,687736425027280	-0,0425261437386911
0,408581765464240	-0,0461950366587744
0,622410413031321	-0,0440167543445548
0,286814720105138	-0,0380461328450892
0,356932409645939	-0,0313534374008789
0,636630584436113	-0,0240469821948278
0,498421466062555	-0,0141871371002519
0,563482258211835	-0,00271522276214940
0,732352704591823	0,00980769769502391
0,350332143635426	0,0219563131380343
0,682027730336233	0,0310025218141650
0,973999722842389	0,0392362440360321
0,310871598066218	0,0467757323880296
0,0422166720468877	0,0456213177867846
0,425296930562062	0,0327012314424791
0,335562399760442	0,0132140650892801
0,479808473195295	-0,00805412704492510
0,849125988857484	-0,0257015657531813
0,181196672330424	-0,0373845382611667
0,256001230770001	-0,0473855461160983
0,0125532117228260	-0,0584760761398896
0,648235873409005	-0,0674505736767071
0,678216565894588	-0,0674180761131150
0,319826217353031	-0,0573718588319605
0,928411016155358	-0,0397231984508515
0,410075718406364	-0,0151951787310195
0,262632703978838	0,00996493082142037
0,587288782238166	0,0308490172496107
0,182663916781580	0,0467418191650252
0,827290235879098	0,0577106834624204
0,678165406347626	0,0670842711184793
0,387777910766798	0,0739813048415615
0,450181573746120	0,0739971627668734
0,0312087602278308	0,0645922565290010
0,451147605475349	0,0458861985700665
0,851405357032771	0,0251247330237615
0,313000366768514	0,00778418178467498
0,908191026528265	-0,00591374376209021
0,383082105773816	-0,0150240579068547
0,415445626126585	-0,0220257648191483
0,670200396273754	-0,0279360205387341
0,288479666722787	-0,0316992075134707
0,934161597314928	-0,0327107662270622
0,342665303876590	-0,0297731580758385
0,00799487680691124	-0,0284252562423172
0,0597243405585377	-0,0346106710850767
0,131589676746383	-0,0467057330194472
0,657578114709466	-0,0579478246090496
0,187526658170145	-0,0630591676312392
0,963391727628474	-0,0597698903244071
0,0836841869264198	-0,0479072839838606
0,238625058622860	-0,0335840815478457
0,113019824020232	-0,0213626282199910
0,977255798324027	-0,00721016853665819
0,278485117552051	0,0125091536652183
0,876986998147772	0,0355770690476723
0,775935139790840	0,0612180264676020
0,0820124072265196	0,0845510650974624
0,514805472412701	0,0975765110426259
0,598171185783317	0,101379941695514
0,512966583998860	0,0989270769512189
0,919748954708087	0,0920822072186369
0,0295069687774930	0,0801829322689238
0,118185524173325	0,0573889223310815
0,146982224843695	0,0233640784301561
0,653848601273283	-0,0137733214717961
0,620784819784935	-0,0449291975826646
0,0982699660968129	-0,0686757558350911
0,551618633304458	-0,0871250460953636
0,311234863001370	-0,0982609072882331
0,247797314741827	-0,102141495143416
0,875324154150154	-0,0975364035785138
0,213511313345935	-0,0828198172869819
0,0692084369934752	-0,0647739376769121
0,662255407411576	-0,0467479610676751
0,769136892178360	-0,0237277767890874
0,342607620900651	0,00369156651320610
0,313548846592383	0,0283512867630849
0,431279086726894	0,0466052575531099
0,955102503403934	0,0616066684544778
0,925852081230383	0,0780663372448459
0,122038007141497	0,0916914340644053
0,336537941879602	0,0934081563146601
0,436956822281804	0,0828897612532652
0,702437369483311	0,0660560987546816
0,0648893177601315	0,0448524176200526
0,0397800102349964	0,0161288578498186
0,0804462661455017	-0,0195998468008596
0,180009557885818	-0,0566270079244959
0,789778493848741	-0,0861646324735678
0,0799968851055639	-0,102736521227486
0,367759222010318	-0,108814927134462
0,287591677752857	-0,105687976717975
0,284155361567844	-0,0934603786618705
0,264604406264744	-0,0742962856719170
0,930371041099941	-0,0469546037640668
0,700489430207720	-0,00912583711986507
0,289147339288430	0,0329366307618836
0,121291144069849	0,0680379250758065
0,252380254415907	0,0905716978877977
0,666418966065383	0,102809903333333
0,538385363304419	0,109056975761540
0,781352100689057	0,110919007557634
0,354948572217099	0,107460884926739
0,236805460282235	0,0948830218717352
0,636872758222892	0,0734002163822573
0,420312078784544	0,0479279061095697
0,886494551820021	0,0228064328382390
0,506239378332336	0,00113565213123908
0,540233894315385	-0,0178724973633937
0,168090201682332	-0,0371383728292228
0,812816717647556	-0,0555520024137383
0,906016458369351	-0,0664853704740576
0,847098250170567	-0,0664043357892855
0,805379329246099	-0,0578595072381951
0,124883857807257	-0,0476890298493644
0,402035155941862	-0,0431034588158586
0,747613750763738	-0,0422803639746677
0,779281745090201	-0,0391810963050985
0,0461548329638818	-0,0358968221491938
0,866746550558339	-0,0355457693848788
0,143863428073027	-0,0360997802056772
0,356857972081305	-0,0387662990472505
0,821075073375322	-0,0411631376475067
0,166158964908921	-0,0396193882178975
0,808745653403129	-0,0350666099000213
0,635428720996251	-0,0251606366234470
0,138624337653170	-0,0120189176610370
0,564415746883693	-0,000575833689446345
0,595304184351703	0,0110715994223810
0,970778905559584	0,0267588586140227
0,433671769696888	0,0457310736168414
0,653122068432316	0,0629890345572401
0,223414559709466	0,0741215944802059
0,606703106750258	0,0773705823665894
0,171166564036414	0,0728019702916298
0,956921244564009	0,0632482017335661
0,968629744793329	0,0558348293045604
0,193412991219933	0,0502485229389772
0,136926403523508	0,0375606453394413
0,496986936599840	0,0168602693957697
0,452581996497654	-0,00564067503323647
0,0470973001936453	-0,0283775363272936
0,413393276330444	-0,0516114723664152
0,944582310626290	-0,0682442310295157
0,330999492442910	-0,0732061701161486
0,562447163185936	-0,0700863751256714
0,896361014975920	-0,0592343474258632
0,501974298337517	-0,0401078509617793
0,392616860238641	-0,0187649233992812
0,573651145672224	0,000199532339052420
0,119732307296998	0,0143846382485334
0,0482251980431764	0,0191953648280814
0,485445526526588	0,0152058899507175
0,618844344675329	0,00952810218291709
0,860792659411672	0,00817436315162570
0,597968477570442	0,0124447486555594
0,527185789677250	0,0190181875475607
0,731587031352506	0,0256228964908816
0,0689412115588700	0,0296515439210072
0,0221376793321149	0,0248573122611615
0,178908686273605	0,0101143340553635
0,482537622955737	-0,00822326069182282
0,109606739081466	-0,0253448607119938
0,656472150419378	-0,0387638950950585
0,888472698476780	-0,0423353945372940
0,188524931219722	-0,0353956197860744
0,0924422458361004	-0,0266785788479610
0,431974891117359	-0,0197932034462792
0,219141284598280	-0,0127031954770113
0,708310784748815	-0,00363840327099383
0,295166496899575	0,00827605941714467
0,727073606098825	0,0219690980331217
0,256433242007978	0,0356015810535176
0,905901156761327	0,0483008233392573
0,139899995860891	0,0588279460048893
0,689052126291184	0,0641503882128433
0,0815730013496909	0,0624986620350284
0,990204910131598	0,0557521271995549
0,539968278294955	0,0485707694583190
0,0579355648026079	0,0383588294365413
0,755628084043024	0,0221007528306424
0,0337507498221923	0,00279735711076253
0,935146900948756	-0,0168055134934227
0,907605255431426	-0,0296402046550872
0,354146364297633	-0,0345053830949571
0,292971230049006	-0,0388649961809563
0,917270846304651	-0,0427908238403961
0,0850656935280859	-0,0441478810227080
0,817058966363903	-0,0447755894276002
0,413855032635999	-0,0433560920059277
0,244650165200446	-0,0413717360107305
0,0792702063880871	-0,0433833143375702
0,0994725164497700	-0,0502683289351158
0,0959730746148907	-0,0601547337948108
0,385321924333209	-0,0687076053498618
0,0359133679799250	-0,0727039401027489
0,222089730334067	-0,0721342009373387
0,855545500991869	-0,0628091199360507
0,984257565600492	-0,0375205522056762
0,426012500017574	0,00117067267462682
0,978711520570237	0,0453604824340708
0,607450361029489	0,0906576635049928
0,680074330336871	0,131247741571951
0,879274959259073	0,162737726625445
0,120230941911076	0,180578599368592
0,247372142141772	0,177393870773804
0,856543691631423	0,155855919485283
0,331527576912396	0,123676580620111
0,731694147834507	0,0838196967434287
0,844471975724066	0,0418591283068645
0,288133188929396	0,00112623072982840
0,259415865395329	-0,0411395292136683
0,374280887550734	-0,0838086518346952
0,838783429124154	-0,119357161502967
0,00983305021540171	-0,144219108687702
0,511881069620015	-0,160797322274693
0,759752164924556	-0,165686840479881
0,383297616974062	-0,155970611472969
0,268750560231278	-0,136998717152283
0,903410829430541	-0,110607319443548
0,956544206019534	-0,0729954244743792
0,815178936365567	-0,0256243497360309
0,421816589337603	0,0225966584193689
0,518862317647183	0,0628466031766156
0,887600593448047	0,0935616549557873
0,174674620886352	0,113834687502306
0,716021357665825	0,120396824810810
0,365196774706525	0,114559834190434
0,769001521080395	0,0997078213838025
0,634086765461855	0,0798663632811796
0,828247358149800	0,0588330477027255
0,796202151163748	0,0392648553005435
0,448062082152152	0,0209232577993707
0,518111704473389	0,00129876195284336
0,0667966834463388	-0,0213360418399468
0,0715652661917559	-0,0486402000994447
0,432816729947143	-0,0772063673302222
0,128361403140819	-0,101092772919880
0,677218261399918	-0,116184124668318
0,0831202611591412	-0,120252474035150
0,695513539446433	-0,113570909865639
0,237598211483367	-0,0963231378347186
0,627234711080185	-0,0702034683330346
0,603316411622099	-0,0365477080275555
0,379956593654601	0,00159396018843948
0,942511376405596	0,0407796280646429
0,00374872338081855	0,0770078186784805
0,727789533687921	0,104034293336583
0,541123722434656	0,122061403961437
0,218816533993900	0,130300089399879
0,191903317687918	0,124269646171803
0,487154659790885	0,105703003869463
0,704272789974024	0,0817369104608586
0,0738877406542990	0,0552304487523317
0,976866369307447	0,0276140440127652
0,436349513698405	0,00429425811777999
0,634355145776951	-0,0138477676025387
0,347876969179430	-0,0288372827930641
0,00816993619238549	-0,0439318904290502
0,871380106038048	-0,0583608799709000
0,0120138920397971	-0,0680600030299480
0,192870423457702	-0,0761902645926322
0,559033559698705	-0,0824142538039282
0,304095462651667	-0,0823401561439178
0,269854499627421	-0,0772096396421654
0,334968564140800	-0,0688483021672468
0,838834494660244	-0,0545748575838709
0,360274240094663	-0,0329032510845808
0,0336580710539860	-0,0106319766349721
0,142551942783316	0,00528078713453954
0,301986822082945	0,0153263180355157
0,369478638494217	0,0227487105141568
0,206891174025747	0,0284876281818287
0,936783189519901	0,0351165516920403
0,962764327778098	0,0488174286339229
0,878620569182554	0,0702874544703439
0,663951784120085	0,0933825719704241
0,0203575195111952	0,108381178421643
0,278416316020703	0,107498832812680
0,0411981944584952	0,0905196560692200
0,999940137793752	0,0647173016587799
0,736853209184449	0,0404881076235017
0,414193437535143	0,0194163522848629
0,413998730754238	-0,00270248686019045
0,850768183437694	-0,0237119483003664
0,210481226786358	-0,0411493314374987
0,212208099230061	-0,0586992757313933
0,884122793920128	-0,0745116365810574
0,176605233614550	-0,0838566087939026
0,278735226921739	-0,0899138182008611
0,371618941454399	-0,0941431861010854
0,163063106900851	-0,0951161070990139
0,163701172085418	-0,0938408165438736
0,550556214950293	-0,0885496359682555
0,000348391409181859	-0,0778410104420928
0,166817261435968	-0,0650343396748199
0,559754288636965	-0,0492631049689247
0,705342492913508	-0,0254281943198723
0,472967687111038	0,00620693111846617
0,0895952928947074	0,0383149089921230
0,361376969454531	0,0644208071557249
0,626873127927889	0,0855154243247371
0,874157864874337	0,105771006343769
0,565752100698107	0,125112759964878
0,514503475498792	0,138587972377043
0,400798780558196	0,141837306056152
0,640653145273638	0,134592621253150
0,778247036281614	0,120319132727212
0,159729488502843	0,0992921531217729
0,532984797954462	0,0692134897673257
0,268859785195643	0,0323592954700548
0,767587236637265	-0,00596892802507225
0,875277446065758	-0,0384367673109378
0,559919967269562	-0,0617037008494331
0,286799710956846	-0,0799162382434925
0,381828720701987	-0,0964868437343229
0,458864362611627	-0,110047054468240
0,160676268208152	-0,119633309773237
0,617597639974090	-0,124574146359984
0,416302613335449	-0,122022286864983
0,807075906334151	-0,110064330506008
0,601499297700234	-0,0883972945111167
0,648310320930950	-0,0596222601421413
0,918318530362590	-0,0260604474206754
0,715143998176773	0,0108114303138816
0,727474165645945	0,0464766671722064
0,256782940270350	0,0743100698844070
0,150634909659802	0,0874598705105149
0,00309068262175516	0,0828091863756335
0,584562385674980	0,0649184722049795
0,548323858943467	0,0430856139736525
0,372421304822463	0,0220229719098574
0,956310872498516	0,00484762648681072
0,622352380353232	-0,00388674247949659
0,698289297991409	-0,00483173104333527
0,466908135476237	-0,00149070897975845
0,996467408345383	0,00563021574550855
0,471727197224956	0,0164239810109216
0,988859579884458	0,0286666269281460
0,941255946293905	0,0425906389678433
0,136865633928255	0,0536163833542137
0,322112758512790	0,0525546697584789
0,772755436993810	0,0408931137872336
0,00552656064267154	0,0226099944489765
0,938045429034531	-0,000632113375716746
0,460636287472727	-0,0227572322487009
0,467584847450247	-0,0420036682101794
0,413626147977695	-0,0595843443182481
0,0139369750856351	-0,0762721055216651
0,208761096456544	-0,0932468400346706
0,583691961389647	-0,105766604447917
0,556512210246709	-0,107278393395284
0,390843637084399	-0,0973698312384224
0,880480280284177	-0,0769701765944165
0,572601983618659	-0,0460842514978470
0,931578937492178	-0,00746614700180133
0,595171819297794	0,0346406816708253
0,539547840729551	0,0736815371813303
0,319595973753528	0,102661200254322
0,994040361027737	0,120921084097707
0,881272748578414	0,132984900727011
0,497321182931933	0,137870161424344
0,501301633758293	0,130354075812204
0,605475069843064	0,110459038782724
0,774834850647050	0,0828505400852015
0,891121995068621	0,0530967667528769
0,762511559526758	0,0245664200674888
0,690670323249646	-0,00249924661927278
0,927136716681902	-0,0269452152950297
0,228608265353307	-0,0492129447246211
0,443818890123580	-0,0729150532982614
0,594103477125963	-0,0961500641556778
0,746507369482023	-0,112934136433927
0,718705456355763	-0,119961104299621
0,655967406357163	-0,117317720469172
0,587803286448512	-0,107201074780350
0,935625671581217	-0,0901346130066753
0,638777624788521	-0,0663000915232665
0,223674496251012	-0,0417257563227221
0,169340011552217	-0,0241135264538096
0,390938781202662	-0,0144252380184841
0,459011419163010	-0,00864437822177806
0,845442994771728	-0,00161225542348936
0,533283279324589	0,00953466293223095
0,0712790994550572	0,0202041231871245
0,353618097635513	0,0252940733212621
0,927961930258763	0,0295903249012395
0,414247972274214	0,0381638296148636
0,368953828327902	0,0471635453519023
0,850896078251780	0,0551446634939535
0,797602362414270	0,0658989424439695
0,350235588230334	0,0770736640052764
0,776399016660156	0,0840933285083445
0,0484701682151539	0,0844670023000826
0,590270690103981	0,0758683196868694
0,158237674394374	0,0594329626501660
0,937622240029232	0,0396968570855507
0,208507496450647	0,0204510215073081
0,408027244398538	0,000297071504255800
0,560678864641776	-0,0200776282058832
0,412655018619747	-0,0371280988011497
0,269013184413698	-0,0514380432960581
0,765462023308860	-0,0617495310997634
0,206457150177220	-0,0660776789159816
0,614634286657941	-0,0658784280813574
0,940915724539768	-0,0585815385514819
0,410514509047063	-0,0431073922194023
0,0266879524945662	-0,0280029235921561
0,504141520390684	-0,0186417400647301
0,0227676987161874	-0,0140386151407748
0,259257417223534	-0,0145678010783938
0,167342265063649	-0,0191168758226865
0,829965628106585	-0,0220360449310802
0,425913006389827	-0,0182796702615092
0,198087843211853	-0,0107038266742638
0,808563937653922	-0,00145993022686621
0,629178589752453	0,0128989806148389
0,234788572321452	0,0294945570695774
0,0169091610566169	0,0401647751048219
0,339589233154617	0,0422906627984100
0,369515926579256	0,0395719708914408
0,806961734501883	0,0373345832492066
0,529370988380973	0,0387438393479335
0,184075008150248	0,0402087190320135
0,642756699162697	0,0384524179825367
0,168354265007364	0,0342226210515949
0,210174287512638	0,0255480134057427
0,400286968091762	0,0126252852834995
0,00118582249665289	-0,00267148745557583
0,587480546183653	-0,0186462791732903
0,161812682130179	-0,0317691661484492
0,513232344464439	-0,0406663088941075
0,533155542742839	-0,0434539953427510
0,772015056418022	-0,0374725205421487
0,393435468038170	-0,0241670633570471
0,108931781827418	-0,0103341400736784
0,699340616294946	0,000677566873281223
0,476833486804929	0,0116930298948928
0,941257292151740	0,0245427764250423
0,152744078043889	0,0367638751948136
0,0187102154731975	0,0402607780661735
0,801620578918740	0,0343661157152735
0,104308819843582	0,0247663902888595
0,497310860983486	0,0116084276173927
0,0364294419327079	-0,00528462891212385
0,497062686079759	-0,0239034707654028
0,854326561268219	-0,0376570233394303
0,0850659208374962	-0,0436843647755169
0,357530319483666	-0,0471519524410959
0,424586638464576	-0,0485143065718678
0,00728318576472431	-0,0474812644222489
0,635732243339635	-0,0446277540003625
0,334794315391685	-0,0370479986838042
0,282113097183295	-0,0258006881378300
0,299936202474382	-0,0140472350285155
0,217757670885314	-0,00297113150434235
0,426683932003550	0,00729985837985672
0,102162621171967	0,0163904445583318
0,531946694317798	0,0239049362609261
0,549266693377399	0,0324648141783849
0,516215710816310	0,0432792851824550
0,537140564679979	0,0544887703133966
0,576106702462534	0,0646809048923593
0,554670709253113	0,0727137062522194
0,963563226516016	0,0793201853328661
0,762418816793524	0,0859492130481059
0,652703866303574	0,0898797210466390
0,362217739598444	0,0858163990261810
0,260701923270880	0,0697876908619035
0,959953999988159	0,0450389907962757
0,740394544666404	0,0197592935397527
0,158330102826276	-0,00640484173110567
0,236558827500526	-0,0384497003613434
0,521876445233518	-0,0733697205417833
0,159538818413766	-0,105710002390117
0,855172415307394	-0,130950342214686
0,718890858515072	-0,142422695762991
0,599302907133006	-0,138873946324276
0,377161856544035	-0,125305257897973
0,527638010830769	-0,105734614872388
0,287619699980272	-0,0826687608742441
0,869570390762890	-0,0563658602642989
0,512850318141371	-0,0258474968178597
0,121586145078557	0,00341924884386785
0,136590116280269	0,0238339653795214
0,773513257775547	0,0372465735945596
0,962443301103553	0,0519262464796087
0,660604964879502	0,0702098813263211
0,417794243167078	0,0861758909767468
0,239318092025457	0,0933487169191963
0,848617993308983	0,0922045042300745
0,285202319362422	0,0862429695549982
0,670409340640196	0,0755298595852098
0,843502763085515	0,0631708001388321
0,584109806371658	0,0522537322946164
0,0670262932478257	0,0381905509713567
0,505638084857398	0,0176863484350235
0,511587330320119	-0,00478469164860962
0,147964148315155	-0,0266124558979276
0,746528397809161	-0,0465848471796420
0,925342675674144	-0,0578211664194687
0,152405429855188	-0,0597846842700580
0,357054682126664	-0,0598463222093097
0,285781954200916	-0,0602771826770019
0,554574476511848	-0,0587591351939818
0,407303745646389	-0,0535488481816938
0,918438653965217	-0,0427042859837537
0,411252693101709	-0,0258858109083026
0,332925516276825	-0,00845285999759751
0,712154117608097	0,00659956675370702
0,331092396135764	0,0199857978947653
0,541571477722432	0,0298944641856780
0,226799406036110	0,0345789641029480
0,689349218015391	0,0347379529017557
0,102607045328963	0,0312642126465310
0,362237768145364	0,0228077319221981
0,0334651651080081	0,00914910559778369
0,941985552970288	-0,00454031254478811
0,440345372703221	-0,0115133808023937
0,181466292472853	-0,0138960221782018
0,867053474430422	-0,0137858370672164
0,581646009581834	-0,00717849751388744
0,0524733446461932	0,00199539844990146
0,887100501056699	0,00969149696453757
0,0598561364217647	0,0169420772906040
0,908642226810661	0,0230690718903684
0,529904623590299	0,0299129434566722
0,418299596026781	0,0361070288381859
0,396027383243462	0,0373696391289776
0,919955031142306	0,0357912459995071
0,795499078109594	0,0360389410688900
0,797481679278279	0,0383582057504648
0,254279032999973	0,0377458350275388
0,713979406881368	0,0305989373407173
0,377782660528303	0,0181547021234248
0,624644530278730	0,00205476211805649
0,334986688421983	-0,0166723654191108
0,516721017330693	-0,0367808382376184
0,853555602204242	-0,0539510576292917
0,538511750538437	-0,0640769206201541
0,916496737605165	-0,0667387483578132
0,873900302705694	-0,0606515444384864
0,456833090721564	-0,0483604201040160
0,425103392657268	-0,0366325569363124
0,438700072748296	-0,0285905764300040
0,258603824407169	-0,0248546706035075
0,0130925435807672	-0,0274643549408789
0,928464725209597	-0,0329263482620529
0,741803667839483	-0,0320195251710348
0,503201125109261	-0,0235754493590548
0,0255681999991552	-0,0149497548839713
0,758232128755400	-0,00864278433456656
0,308118461187853	-0,00130321130532625
0,0628623309243893	0,00472464138478422
0,159659745648331	0,00542826077613893
0,918980044393835	0,00613054853125756
0,389672155937342	0,0130498200662797
0,191012459327341	0,0222568032064256
0,745835293491414	0,0308139728738351
0,452966738156061	0,0413423329988431
0,916164659629072	0,0545667675718415
0,201290429697127	0,0678525002746800
0,861238689249934	0,0776007780161640
0,775554306777575	0,0852503981448349
0,0718157565311742	0,0881308156022892
0,228422774610654	0,0786119965023835
0,0276556109283272	0,0556601590406610
0,985414128685932	0,0267355048529244
0,687082350724544	0,00233349499784631
0,154482165387131	-0,0175551777053632
0,693070481400183	-0,0366104510053902
0,678185604148126	-0,0506940406625612
0,972541685897289	-0,0553834262145235
0,803322868425118	-0,0500574447618388
0,0732016746546307	-0,0413380466784940
0,979085676049410	-0,0346645189384211
0,576900796990581	-0,0269448588866226
0,474274286923336	-0,0192778447061820
0,206820882914912	-0,0170317003086085
0,842637468879678	-0,0193928197262834
0,605122523612289	-0,0211424640402988
0,331647859101992	-0,0225702555957616
0,702470784838719	-0,0254137167776010
0,627332944260867	-0,0266739710955214
0,241717970002806	-0,0268887107400296
0,598074965118283	-0,0282013813649292
0,900635193101771	-0,0263772418741397
0,731431561139747	-0,0174678418578700
0,633925157310842	-0,00388740121326848
0,204588528320697	0,00837786242071534
0,0961897687155271	0,0131329491759798
0,574813475482917	0,0107833896091008
0,314545961296893	0,00636079517989125
0,884987836997066	0,00388399507228851
0,481370904311587	0,00611446967381487
0,338268647448161	0,0102964204152581
0,393842815618738	0,0126042047472732
0,653757421849603	0,0145348278689158
0,261443641369449	0,0170536948139413
0,962646212723803	0,0207668687920154
0,790666333967939	0,0293254449166073
0,0999668051741162	0,0389425281936815
0,556803533858498	0,0423270294584751
0,415590116964122	0,0402154464742479
0,265914559113181	0,0334573913719143
0,460864170225792	0,0218567611556875
0,201399656310867	0,00701680184641869
0,697465280912154	-0,00830457236349411
0,0235147337923383	-0,0222558536785113
0,174171814947742	-0,0372224700216395
0,636354410546492	-0,0507255763607293
0,652619669509635	-0,0555384169512082
0,737229690988618	-0,0492712483127726
0,671357507798475	-0,0335642137628163
0,0428256959265556	-0,0149634245584570
0,993959931109955	0,00235355557812415
0,298973881124279	0,0198922222049439
0,806671575723277	0,0360274023202684
0,182314968633710	0,0474631491864334
0,472043017448777	0,0511032578785585
0,511821527886501	0,0474746947516391
0,928432935536847	0,0418076628341876
0,553546690413068	0,0370146318388532
0,519885475016234	0,0308383762962225
0,387258893326326	0,0205101953025095
0,192135905145020	0,00472030397904719
0,435721884139401	-0,0157300417681300
0,248299766407183	-0,0374629559875282
0,449320864251324	-0,0574910361818271
0,925797555552396	-0,0700838049583048
0,352988810121216	-0,0717445443460885
0,994562506227948	-0,0638357158285057
0,778860015323622	-0,0457844747917262
0,880635619104122	-0,0192725574031865
0,599185641089386	0,0100798783600674
0,101019719554854	0,0337160320142337
0,926551369573007	0,0477080430973939
0,285345151919133	0,0547116082498130
0,303746176655445	0,0526057242782326
0,438794924343510	0,0404553360591454
0,892161808557311	0,0248817814493469
0,578487903092393	0,0116202710655717
0,304134605670484	-0,000930149130214275
0,0265932147131882	-0,0175904151058683
0,860932696267526	-0,0357121995520078
0,933217284258130	-0,0452507166351977
0,578036078829939	-0,0432000950420334
0,343952002699755	-0,0360615842817837
0,241486183108952	-0,0299146984968495
0,163513239707759	-0,0274185226558351
0,651140510271017	-0,0264021752337278
0,213949063228785	-0,0236830165512507
0,377213995269420	-0,0203488895032207
0,710316066085691	-0,0150307827035985
0,571430455721390	-0,00445403024962746
0,611096729266925	0,0102794036731712
0,370702466256390	0,0256137049476234
0,0902283750450209	0,0362431337991331
0,936001160555275	0,0421728430826427
0,837652305173176	0,0502949119585816
0,922892480210745	0,0627382621186536
0,344624931522267	0,0740647636122477
0,345949723606949	0,0768105484647282
0,300585024146914	0,0680121811954676
0,694323192656789	0,0512543531758357
0,758225288214889	0,0329297976635647
0,112523557290083	0,0136677275168064
0,787575260044038	-0,00799483798736994
0,271455200778436	-0,0289590439604071
0,518437961103352	-0,0480802684316202
0,286036456174735	-0,0650957070123568
0,136025265621715	-0,0802933714314831
0,622477918137404	-0,0921101470231053
0,468543411359849	-0,0956479992867298
0,532493366267557	-0,0898032072561378
0,444450654857531	-0,0764026853835417
0,808032822727521	-0,0558218938074601
0,660112847803919	-0,0279829740217192
0,996283545629764	0,00573084560692733
0,425512729639021	0,0409104842103678
0,311849438016452	0,0689402048573915
0,182277279327668	0,0832293350829847
0,692759926244830	0,0851785761721051
0,298416558254384	0,0789524365973645
0,444220688161704	0,0654691214089364
0,397435931191168	0,0461546639007396
0,889614212052052	0,0264282343712327
0,362803452771328	0,0101122001971883
0,185131109552365	-0,00590420954810138
0,921076272008583	-0,0209821016212211
0,00700709564631474	-0,0318328355784036
0,505024481063412	-0,0411145416573088
0,859532200702010	-0,0456774410169191
0,263781398741160	-0,0424654492118234
0,488287760434255	-0,0361047340376948
0,549989591411820	-0,0279438922173207
0,131450943993078	-0,0191943445496787
0,262005547147893	-0,0138633388925639
0,337879309526010	-0,0118978485590980
0,613926302558603	-0,00955619971336933
0,816516762777003	-0,00245412434596783
0,433128248926102	0,00960627567334451
0,0181369731381301	0,0195239076069689
0,185614812610932	0,0213346628205298
0,677348059280357	0,0185756299034563
0,691205769192687	0,0184742975671202
0,149019171087819	0,0204114360115311
0,543138797650813	0,0202174461274260
0,0889938350101998	0,0171189972377088
0,495602361949104	0,0113241979891637
0,380947645182389	0,00513811934371388
0,699010318911962	0,00179114818974413
0,736283800987925	0,00390490142374961
0,358391872042247	0,0101338792141730
0,976853430814904	0,0182364341481393
0,200233560195359	0,0269970366735344
0,223831035862962	0,0301092438250782
0,797545159516934	0,0269055815047070
0,363572590818814	0,0221179204453546
0,166326652834962	0,0134281554654615
0,480419644017324	-0,000663082467706588
0,474459915410421	-0,0157959365612977
0,156885564775130	-0,0304152070052603
0,318746873550036	-0,0454966322979793
0,0475102111603037	-0,0604197163014229
0,262700190724421	-0,0738920082678914
0,656799105168591	-0,0810276221331324
0,416408226585277	-0,0772544248342926
0,268512701065791	-0,0650852325814370
0,509492109574450	-0,0477581970832891
0,271915431381071	-0,0264879195241255
0,783518890714386	-0,00188623317540668
0,151422659193757	0,0243311886368221
0,437706708442537	0,0471251034165038
0,617456214558779	0,0655139031261428
0,758567741146162	0,0823025003010458
0,454251390855691	0,0963402539049531
0,492931211698562	0,103616402137020
0,438555869749171	0,102080704009474
0,480845865362806	0,0921283725492394
0,425451111705953	0,0748937055980500
0,274326837077075	0,0510731967916047
0,363221739582750	0,0217961061186057
0,575651098708556	-0,00860472540427039
0,685953760716073	-0,0342510832425065
0,862014074630764	-0,0507239553685750
0,335385186612589	-0,0587069915608061
0,0851513267366248	-0,0649706741131667
0,782342517132145	-0,0708551646196174
0,538031297742647	-0,0709237207748278
0,570140068380163	-0,0646413244148003
0,633468232101599	-0,0540185784967126
0,241707697667867	-0,0417145522545573
0,576992501086152	-0,0308312459656984
0,760719520034148	-0,0193570660965747
0,528614944874854	-0,00573022483959365
0,0426239910889966	0,00461871372473602
0,263284204080171	0,00647926875642622
0,328663816170331	0,00176002433102540
0,605740733897156	-0,00406993611985070
0,112401861408074	-0,00897821790422930
0,341891931436740	-0,0144754089169568
0,641675162389344	-0,0178014003496379
0,156023574644676	-0,0165031334071749
0,233387450570840	-0,0139152706895521
0,872337970754649	-0,00823650411254462
0,374699470529877	0,00442128472741154
0,231901304413248	0,0193014995545015
0,825834057253302	0,0337110184364000
0,862129912236774	0,0518314825180832
0,0529937852559937	0,0700262930862740
0,494377896317920	0,0798762603063036
0,709939569254157	0,0825827586120482
0,568780815173383	0,0819619962314170
0,848294557803712	0,0785930537341744
0,118997904915399	0,0703746013971681
0,800039354863844	0,0550825715599665
0,375984419961479	0,0353407852812920
0,989262441551865	0,0150671907157353
0,875752534273354	-0,00114582976786349
0,860660634194263	-0,0115634375067318
0,982380224599530	-0,0173665711593678
0,0906423428022543	-0,0232460720041124
0,427790297961195	-0,0362584566479668
0,520430641621787	-0,0548970222945216
0,585927423076235	-0,0733122901035438
0,280949176350985	-0,0898726072272997
0,267778186377922	-0,105522903610913
0,764975601713156	-0,116985365547593
0,824415605051788	-0,117181288351185
0,844350287056975	-0,103449409830526
0,113399229649592	-0,0815909896242660
0,718210317284161	-0,0582417572532774
0,790197314067500	-0,0318366619002611
0,450427335448617	-0,00231716143220037
0,111396399291281	0,0228122405753991
0,790668519728751	0,0408554765523686
0,958745092600230	0,0580328279009727
0,776218173419446	0,0773431684640324
0,100413865228413	0,0918248504952164
0,0674738432408669	0,0924742312243711
0,252710339314240	0,0785551878352545
0,00194343262854912	0,0543721107087080
0,604369250534223	0,0256711942148515
0,648785094502939	0,00143771439649423
0,552664393794992	-0,0134740608956646
0,239041938580353	-0,0215021408018168
0,193766550041301	-0,0268764367714596
0,802581356789570	-0,0282129030946822
0,170803104576981	-0,0230527887491739
0,869638180655603	-0,0126965363345671
0,567698831159657	0,00329941751849269
0,214775739716047	0,0207861999272216
0,837900117986619	0,0353836701184763
0,923618499591887	0,0506667273037002
0,287939032088865	0,0649632458569459
0,496639289445260	0,0709057886321287
0,428773979921599	0,0668140524594048
0,525970538044322	0,0546911703235506
0,978043068637854	0,0391347540305265
0,896547234470490	0,0260248491982163
0,959830559822336	0,0169414206121064
0,226922794739989	0,00737335772752860
0,123794918987637	-0,0104064181920184
0,669564113614573	-0,0357925852405196
0,831883430396611	-0,0591677778627755
0,208481665784198	-0,0772715013831169
0,672933442708003	-0,0921650206731239
0,840736109325690	-0,0998925782929255
0,960218536181338	-0,0954579919336119
0,776138459247561	-0,0795885079490077
0,123457043554096	-0,0598799209657198
0,580540075160651	-0,0435763226900012
0,335017595841577	-0,0307541540637560
0,865520585696421	-0,0186116567061252
0,840993004880478	-0,00333763443817516
0,310004417555309	0,0133531961801477
0,819970018169082	0,0270311995081643
0,559591721508084	0,0384127156050485
0,690137017536969	0,0475843959387229
0,617387982520278	0,0536789930425855
0,905911759395460	0,0579241851151026
0,207019417990792	0,0589236248708861
0,0685816035140479	0,0503485967654529
0,915632614669373	0,0338760183240027
0,110126317093788	0,0163336766929069
0,774049822900627	-0,000903452612274237
0,467630967359909	-0,0149983391183627
0,262350530647366	-0,0257703507063552
0,652652336895193	-0,0341876589334791
0,422934709389219	-0,0376933986567057
0,315627433926168	-0,0373397299830576
0,109943320997325	-0,0367540302367173
0,136966560482165	-0,0379783323459592
0,144217860548832	-0,0405456129689415
0,693253221021692	-0,0400098680148837
0,629657091842641	-0,0307172882789482
0,961511747405499	-0,0105951222711199
0,603285778351385	0,0179969039683679
0,768909783045528	0,0495050974183802
0,393179574099898	0,0777557274184158
0,742079817327918	0,0985384327100879
0,964360072814275	0,112882102805348
0,370717709875839	0,120162105583054
0,00363151189069799	0,112436607501296
0,0899137512048108	0,0852550973973615
0,113485888411128	0,0427770233188134
0,00863933581821519	-0,00859199989719228
0,200889288190516	-0,0623030409381533
0,924191443315518	-0,107058855461231
0,206047129707430	-0,134534238995457
0,498194866686777	-0,146305375372580
0,478515095408095	-0,143601674195247
0,995446358181724	-0,123987331234917
0,923288308079325	-0,0863986831218539
0,397920175350379	-0,0377612192636537
0,430619587133853	0,00993668501594616
0,115042721140066	0,0483203299482757
0,922887629495139	0,0763230671572078
0,616663485862435	0,0978815286680158
0,324668837362688	0,110880987721583
0,556012427371115	0,111307074639168
0,231717444229185	0,0996601983184024
0,160767642381706	0,0758531682380451
0,0723918122522395	0,0408783442614355
0,942450632887137	0,00305361351676055
0,628862586894176	-0,0265970094639915
0,374745139718847	-0,0467356250504475
0,774053836222221	-0,0592135016233152
0,0679062233783716	-0,0648173017386446
0,937617405320734	-0,0646633170190703
0,898857463057134	-0,0543074247843458
0,474901864962251	-0,0344987168850153
0,0868227522824795	-0,0154433016694196
0,726045312078345	-0,00174458704076937
0,0620031492288101	0,00744309841569621
0,123907431260153	0,00886283870117893
0,156037221212846	0,00137221973823865
0,448799524216690	-0,0100886635910596
0,104692991234212	-0,0216833696466923
0,825055627390604	-0,0298755758984340
0,873896319382804	-0,0278467610149461
0,684346098968267	-0,0138802383042533
0,792155139279222	0,00756554535641028
0,175014561394279	0,0299196495582795
0,560306728731876	0,0467275257014634
0,153442889490892	0,0556574396811530
0,672761405409953	0,0572851962153907
0,996087290678610	0,0571885558181119
0,0225376075038110	0,0559975658156898
0,321795967641311	0,0464139388225609
0,446436239946479	0,0289813616939234
0,662676439885076	0,0103275793093013
0,844830146251142	-0,00405943073940886
0,279876948725940	-0,0138334195644622
0,604934080372326	-0,0224135781896286
0,317207728618141	-0,0304131186096573
0,154854494843012	-0,0393198808698409
0,810176316601846	-0,0477039434255853
0,224642924532913	-0,0515967792326131
0,0992087348400118	-0,0543138033356630
0,808514313721010	-0,0558533815019852
0,0212865595679858	-0,0529288115092263
0,738113340464469	-0,0466347971717544
0,448439780403739	-0,0355758888547268
0,766103487044513	-0,0186664720464760
0,842072779110043	0,00402692355133742
0,662401413423066	0,0308976037550267
0,581668134883060	0,0564919285981368
0,593548963629934	0,0763601022744219
0,324213073403400	0,0872125032615054
0,227375990354005	0,0855856110730749
0,350311329398917	0,0713690384984411
0,355441371103194	0,0483986331826910
0,100787965379176	0,0194353053456398
0,391537500192813	-0,0128786556351055
0,124454094566700	-0,0443133172282739
0,864532647460854	-0,0689298985300426
0,00259567168556307	-0,0830796494956146
0,172006951834852	-0,0906691347160965
0,292637137302001	-0,0931874913288772
0,485299083027219	-0,0869819545151558
0,0572544223879044	-0,0726193007190113
0,133251391571646	-0,0548343517790652
0,509586938994278	-0,0343104644904166
0,308310684523265	-0,00928341157046568
0,685740825445927	0,0195498626236823
0,0896261714464800	0,0488673678985568
0,611491352489341	0,0742631270859717
0,799822741010038	0,0969809378445461
0,468318257740928	0,117518988700232
0,811549912115419	0,132442050245073
0,223112584350313	0,138602856242970
0,722760547503539	0,133518487070530
0,361152475162294	0,118122815878675
0,527094897740450	0,0936146161185110
0,591995270140983	0,0624351457281949
0,279306694325209	0,0271437792971835
0,944246961629800	-0,00887939057463062
0,420936222245341	-0,0405032346511518
0,225312125963638	-0,0692214801841816
0,215298900458651	-0,0979295049917796
0,367485709377847	-0,124030596236827
0,744262971228400	-0,141390061556320
0,952284472745637	-0,143255659036203
0,526451749993791	-0,129393321530466
0,215399746045895	-0,107979440531780
0,341890641238849	-0,0861946707436116
0,282693104336776	-0,0656805214139926
0,00825848410967123	-0,0483491837300850
0,395605436506421	-0,0351327376974704
0,913344670629824	-0,0199475065985583
0,184990198190945	0,000166532073443679
0,525353488568854	0,0202240539847599
0,342873188892509	0,0378726966977130
0,231443558934622	0,0517248213622347
0,729716289369580	0,0620175524516306
0,372750005389590	0,0713289719205851
0,935754397999291	0,0806448746542359
0,812049707864749	0,0919765398762843
0,00969334544164657	0,100541338889475
0,855664059695778	0,100406343513411
0,551670932674393	0,0950396176536077
0,0806952927832323	0,0834246476335905
0,719892960275171	0,0634078652954619
0,613642297481585	0,0409237609781225
0,936501540534261	0,0213668179596255
0,700535108898859	0,00655646743618224
0,0610849943274316	-0,00809895987894248
0,00754579693790380	-0,0301858573707223
0,162923657305114	-0,0596767532660357
0,655641167551499	-0,0883829081576041
0,923970852905814	-0,105907432405571
0,374408732852064	-0,109483031680056
0,890649389365567	-0,102242964285904
0,968095447118699	-0,0832642342247521
0,233911788699145	-0,0562915046746351
0,656290317965070	-0,0299894976202134
0,605547000521499	-0,00612819840937197
0,771981616729011	0,0161690972395978
0,435428914880741	0,0347892126579771
0,125546081740986	0,0442970365916131
0,0199141579715824	0,0399108702826647
0,198783807704847	0,0230163678657393
0,294459506063436	-0,000182739234336825
0,710921984669563	-0,0214912726968166
0,521397051841000	-0,0345202234167626
0,494884417014022	-0,0386131129995666
0,915369492539103	-0,0332906699886411
0,620522830603058	-0,0174691446537586
0,640141952038961	0,00497933215700609
0,585846069567056	0,0291261678511183
0,964173839720730	0,0535820923565013
0,602898422984675	0,0770982996195615
0,775615439502364	0,0957304774614347
0,304425480342537	0,104817218278344
0,845956730222925	0,102664436751039
0,0224001357964337	0,0890287602006497
0,857846831603888	0,0646162233904136
0,862086966814272	0,0370288486228005
0,482744145395266	0,0109113485808334
0,702530188752173	-0,0151043373138640
0,776213911297150	-0,0384521208699808
0,0673959085342983	-0,0595114420326597
0,180280687519123	-0,0830756612090754
0,488305055801788	-0,106870053303734
0,856449617300101	-0,121997427102592
0,969130899271027	-0,121503026349873
0,925580561995725	-0,104370747989936
0,789992954059928	-0,0749586367025231
0,390790233382813	-0,0413506195125350
0,173526427579763	-0,0129651964007857
0,312452108444876	0,00535538484445805
0,136744784942144	0,0136969372980401
0,532539245983207	0,0147298601144573
0,352996375653558	0,0127205256933635
0,972175834921851	0,0125798300865372
0,805487654962706	0,0192306689955572
0,637202854944887	0,0317652430070560
0,0117867788862541	0,0421687329848621
0,406191798016768	0,0445420803408302
0,749471469399836	0,0427713306552249
0,484319070185283	0,0419590381669684
0,748180908855495	0,0422069167579064
0,771904386528145	0,0444197441351031
0,682616182406411	0,0486179203845833
0,141140419076767	0,0496957375032993
0,730540797534576	0,0443230915026963
0,553003318342840	0,0358312004152431
0,518367777887499	0,0259082289823214
0,778269602455970	0,0151333873593612
0,243894513262491	0,00379775753357950
0,602097237491879	-0,00977627774024260
0,152838801112291	-0,0256009147929495
0,566189719361805	-0,0424978236594913
0,554387183333484	-0,0566001174764692
0,147322317242000	-0,0667970379107158
0,605332825646230	-0,0741711409361802
0,725088867390706	-0,0745399025521150
0,949790811298820	-0,0636224492426065
0,816190955298778	-0,0416886672553366
0,428861640970165	-0,0147494331423792
0,395792621712785	0,00895083217918423
0,340347006040736	0,0251340479646771
0,570389220262225	0,0340784324546691
0,122703391678317	0,0360282913649112
0,824060715104270	0,0322902056355328
0,978683398927915	0,0300329418620587
0,715331868542109	0,0329443517800819
0,711674727193384	0,0375130543603565
0,235109522279931	0,0386533408688241
0,704455606131053	0,0338701450282046
0,0542271011541960	0,0233207426753889
0,646666121679795	0,00756961176240044
0,171706109536134	-0,0106782357293893
0,366533480636090	-0,0299045065693710
0,650777510578634	-0,0466691349446624
0,736563851050717	-0,0548756201016002
0,0363550764292782	-0,0559892541004488
0,943585500012009	-0,0526930372525589
0,163691266753904	-0,0437415545090585
0,0226065283456578	-0,0345249249631593
0,609954727157566	-0,0277658256705452
0,500367677438019	-0,0181718843607040
0,328343956208859	-0,00555885771572921
0,880975048638358	0,00928221270882619
0,971755621473690	0,0300469340539681
0,0814651310702007	0,0527127944891491
0,0180764468052689	0,0652752697138236
0,923522726204228	0,0673541023574236
0,268432893658692	0,0658398298863600
0,333548465521895	0,0591963335896591
0,629166867487159	0,0472328767168502
0,758450185118034	0,0355858284618584
0,610744573472111	0,0268156856104097
0,809113393423455	0,0207234837381043
0,988237439551247	0,0188509832450626
0,126085638941869	0,0181418503339136
0,218254378655081	0,0100558228002753
0,621120728257198	-0,00535834243279397
0,273014863811995	-0,0228258813259015
0,411308795923301	-0,0412499149654647
0,592565804853562	-0,0580029335073761
0,182873272605439	-0,0709486241542309
0,874355839398424	-0,0786903245012853
0,981999652661440	-0,0751485749590583
0,967509763115077	-0,0575176602472234
0,00743947962351155	-0,0342637808171636
0,886442540944496	-0,0138707320723131
0,798886808994034	0,00607974318018239
0,742571979714442	0,0270929398251266
0,558284854865775	0,0447167029898334
0,523911167987738	0,0550964239767759
0,352681936830518	0,0559061447108893
0,369199734105628	0,0465527375705819
0,399828106477486	0,0289910129813782
0,830143110059662	0,00898303662468056
0,808520787847114	-0,00653785903015404
0,628699386605133	-0,0157528194749817
0,990692719237365	-0,0189778484388430
0,183754794606734	-0,0183423239101424
0,574007078618386	-0,0190450639927475
0,726689356885520	-0,0199994827854343
0,0648098716817543	-0,0207057415860169
0,898165757336151	-0,0226277736975601
0,324314070543637	-0,0227796764076034
0,560062876415352	-0,0215032341723771
0,923438494951229	-0,0174479897960643
0,378357151498989	-0,00902981350617873
0,964235691059172	0,00161120784876492
0,237182247948244	0,0126010190865128
0,435713912534912	0,0193383899360829
0,299892550022321	0,0195421613752845
0,961084813685854	0,0174868989765048
0,335116712336706	0,0167168460591799
0,480012660161476	0,0147383846152369
0,458462828174218	0,0101038654840989
0,723413290148563	0,00568071181520422
0,844492107885908	0,00512693195208118
0,487313089440512	0,00847107873730522
0,230866773597382	0,0100966387154632
0,473721158636396	0,00676702556868104
0,523896606933893	0,00110949917333105
0,114003638441848	-0,00621152194660309
0,216975091988118	-0,0174628539586952
0,671914472553967	-0,0291630605119684
0,860249685705781	-0,0333921688837780
0,0740475020964215	-0,0304288157728179
0,480140729574592	-0,0265304052279957
0,763539043412500	-0,0202128428550707
0,453577148077176	-0,00874040346056648
0,493334743465772	0,00449958780566166
0,722558335864792	0,0179576890002490
0,664633131945567	0,0324594455128393
0,246969267375109	0,0445169085229514
0,885893351598485	0,0516282394957910
0,837957359691517	0,0576169962334559
0,964929009245832	0,0647570696051516
0,177676212522975	0,0680829287126636
0,0653210955910967	0,0587853923242683
0,573779687581059	0,0365570342554299
0,435124092146499	0,00925816249166332
0,0657482376506042	-0,0206069374557035
0,657237300484382	-0,0511681382716280
0,707144994657793	-0,0745393337092796
0,609995589366820	-0,0861709651961759
0,599444586493911	-0,0872672377494493
0,715867421269290	-0,0789928949487941
0,321993827504003	-0,0640992664124186
0,322200337352019	-0,0480836427128888
0,225557611265610	-0,0345785587709046
0,919298178580166	-0,0211473388366805
0,844866520271457	-0,00218704590092844
0,490466993000362	0,0207679957020785
0,260201568433021	0,0395848425595958
0,726148372747109	0,0513210086178396
0,820692014485331	0,0600627123752832
0,988809373114165	0,0693555303209505
0,599432906247710	0,0777096168282080
0,760614739731190	0,0812175980940504
0,153945001611674	0,0758763888963344
0,689340202638614	0,0601201880232320
0,835270999910341	0,0396424914400335
0,766455652188323	0,0204097360931356
0,0319606918308881	-0,000424907906275807
0,228589137455810	-0,0279577760101594
0,390442123428968	-0,0592522888427308
0,797894045199837	-0,0853857929796349
0,194395135318348	-0,102140191641263
0,516753858688428	-0,111140276963086
0,370898873746368	-0,112302609141350
0,400218602070901	-0,105299740631630
0,314452880012363	-0,0917713409973800
0,600235088537509	-0,0720268179045159
0,945262227600349	-0,0434711985222102
0,416557760474659	-0,00711771546745657
0,330837515707518	0,0286355408061536
0,754940904872502	0,0593794512239940
0,551898548649400	0,0860054819909528
0,282035011474552	0,105090271036832
0,585572376787889	0,113332960728144
0,883772296423430	0,114457610272891
0,336965815377745	0,110518431072600
0,276676540444217	0,0972778692901979
0,0688436770759616	0,0721295139323427
0,681138788893408	0,0395513335920665
0,106760859857531	0,00575374956763783
0,840419231000506	-0,0251039502906415
0,572121205241918	-0,0474931752896639
0,683129364047958	-0,0592499874087694
0,504880484111674	-0,0623433703065733
0,0614116762376457	-0,0615600354932465
0,848241279957632	-0,0589434981540064
0,528479264992328	-0,0506235834243208
0,285392861545186	-0,0387123813320466
0,712889256040822	-0,0267717570607565
0,0859328862727594	-0,0158362038414953
0,251268183359190	-0,00997788398171896
0,157414338810605	-0,0105155417073877
0,909041635071912	-0,0119825764511185
0,000266363504726530	-0,0109780454854948
0,705199664922861	-0,00944105269619098
0,381862691673486	-0,00622229139303098
0,432188796596479	-0,000954046670955038
0,0407159193370262	0,00267208152136655
0,687043669652504	0,00453778160983811
0,805382645092948	0,0103988651412952
0,506051996114095	0,0221206084357306
0,184082116168205	0,0332495019430708
0,851319227430887	0,0411529298019096
0,872269271334974	0,0506161721386551
0,668064715716058	0,0623847588256535
0,0908698424529325	0,0689720065007317
0,320971106650767	0,0638436111723416
0,723159797163606	0,0502071715921382
0,642000963750938	0,0350471905337975
0,352759091261785	0,0190621995459743
0,499319032689604	0,000607933226870853
0,735287921677606	-0,0173437774919949
0,520274838161132	-0,0314160225502887
0,809030165606849	-0,0407161303852436
0,600669526664662	-0,0445861964585188
0,0191599125588107	-0,0474025478183040
0,249314749505863	-0,0548773352648967
0,0880261576860544	-0,0664488452195988
0,253649527379358	-0,0790658052597588
0,759985139044449	-0,0867110267232381
0,439865899128453	-0,0838592971962691
0,547801175932304	-0,0715960251316901
0,804988430547260	-0,0508788894115838
0,538316307543368	-0,0224565412815142
0,978483597526908	0,0110110380676435
0,206163122044920	0,0448220123086413
0,923923987876734	0,0735625667445525
0,104143617704037	0,0941888790697106
0,132514036125397	0,100975809271297
0,623214413574179	0,0937643558939252
0,486660024957024	0,0797356156349399
0,964128179521552	0,0644600616972987
0,735563633052642	0,0519784323540765
0,231277127597221	0,0396650590040313
0,649562521262718	0,0236429178494230
0,161633897174627	0,00467839114657895
0,0284931120747393	-0,0188675544181666
0,867626227766682	-0,0435545477881962
0,161668828692116	-0,0622720749814476
0,789054638434979	-0,0736694855193705
0,0848384903357888	-0,0782874949330142
0,240396805890916	-0,0795061084151808
0,179058265015677	-0,0793355571835173
0,862428222489390	-0,0733263379345027
0,387758258953224	-0,0578174082462551
0,576467568898759	-0,0355837804248212
0,682296595215030	-0,00929508282647422
0,335140290748518	0,0184577079586840
0,920074081280678	0,0448392037053616
0,736268656975894	0,0706708717263725
0,363327432109711	0,0921892645778551
0,168109823738783	0,101445616893649
0,523689759696707	0,0967693779595645
0,209966818648063	0,0813364004474611
0,447330865847915	0,0576523548388094
0,663781814598929	0,0308492909823182
0,967780693680137	0,00862782967979736
0,0122830412458882	-0,00884710060571006
0,836089123558806	-0,0251806916433354
0,677050212702058	-0,0364630968568061
0,796636982632262	-0,0394599755042031
0,476156622820977	-0,0368357803176446
0,790600751577020	-0,0311477797098481
0,652064514918303	-0,0228449205966508
0,546658870653038	-0,0138183104789405
0,516060217963395	-0,00731309186105073
0,116313437879820	-0,00664045165292194
0,503556845264830	-0,0131394858183509
0,302435929010432	-0,0237923498492887
0,446517336669821	-0,0357428137854453
0,920239809188087	-0,0441140085181196
0,946518902411099	-0,0423332984856127
0,593249819913937	-0,0310241751892991
0,339292120327974	-0,0174939461651728
0,799885115121153	-0,00522896193333720
0,508248017070614	0,00700123931653156
0,237806398465973	0,0161327928007796
0,755055755084104	0,0203341735675370
0,945855344379406	0,0251285389407145
0,793740820524357	0,0337279922805160
0,738168409113485	0,0434126654351846
0,877692164477243	0,0518829298254479
0,592301930220318	0,0575198359546970
0,531980684456224	0,0569307287763987
0,177924649037835	0,0465688603171693
0,488385755661522	0,0262178771950589
0,346832620088338	-3,95059788179872e-05
0,670429559462344	-0,0268384587039152
0,575841083264964	-0,0491771671359561
0,613356379810539	-0,0644422990314687
0,250691310045576	-0,0738866239989470
0,624882718122772	-0,0785633483463629
0,503146528378227	-0,0766538802690745
0,585005497588642	-0,0675190796826631
0,771073254409569	-0,0512903413023986
0,640560378699552	-0,0284010195205608
0,672610202419767	-0,00196732147812384
0,0169522226959751	0,0213838986256138
0,897426706107786	0,0380693175414206
0,874833867313592	0,0533328271122885
0,308779568909127	0,0671261919980534
0,436404467634111	0,0726255594867032
0,916267338736341	0,0711732453889033
0,591997691647179	0,0675228474786379
0,301039242630078	0,0593329037264436
0,939562679111388	0,0461229624245843
0,906155127707869	0,0343271256091508
0,546080190564115	0,0251695162206681
0,450955237337683	0,0138885293553013
0,948566100807623	0,00102027775039881
0,126393042242769	-0,0120440030707060
0,565050706661329	-0,0280479468010594
0,179677954190440	-0,0467114530258675
0,0938244150123806	-0,0676559051170665
0,112809744918898	-0,0905539760733957
0,924698730940756	-0,107779951717750
0,0863577617434578	-0,113177922742247
0,627745788273560	-0,108577759807291
0,436030511296577	-0,0944253708736910
0,0442991560804715	-0,0735133277394171
0,972249123452823	-0,0478903791817615
0,646277589148366	-0,0137525344642645
0,602462384156059	0,0260869775592003
0,717025260867539	0,0655594039729890
0,959505622395114	0,103021429705450
0,864116970321254	0,137168322541964
0,357154306743038	0,161736224913830
0,351584902287384	0,168736204142809
0,567891420313211	0,157403392568870
0,850889094714951	0,134100449045540
0,169229463666761	0,102047091267458
0,635528909748404	0,0611688104625250
0,394731738194563	0,0157973159034228
0,422583047685126	-0,0297059910588060
0,827088069620708	-0,0702865261362892
0,925054503810185	-0,0982375996482920
0,713412387723007	-0,111109012862984
0,622914804114655	-0,112396562703810
0,594039142729076	-0,105979102319635
0,637611841916021	-0,0940137326654446
0,185588052132767	-0,0801997408093918
0,978597346067704	-0,0659450319041492
0,454914560257603	-0,0488827480091182
0,430191094226394	-0,0319870380273357
0,699743901580924	-0,0178084950426790
0,0313480708607252	-0,00738158687629246
0,349008202090995	-0,00421624479119590
0,302191913589339	-0,00686915387420249
0,214004299465410	-0,0123391654526448
0,920023790227544	-0,0160086658746712
0,538217791416869	-0,0119271273143195
0,889473387689653	0,000474805484789348
0,177234590742231	0,0170590940898818
0,406756902387230	0,0314854676495766
0,779434869591507	0,0436173046494688
0,0463016052269400	0,0540156917054033
0,975347271492963	0,0610113833909441
0,903881267287288	0,0696685269074363
0,641463600925372	0,0808896662701313
0,579778517403212	0,0887109534282361
0,767447687332043	0,0907490976375042
0,158781054448351	0,0849798368298759
0,271281711590111	0,0672936882373488
0,0669232866931664	0,0374091545684305
0,0851516527226890	-0,00174070925266555
0,742375983426989	-0,0424361821634278
0,111290638864740	-0,0767157950219204
0,513152186387026	-0,103042160072751
0,209839095591004	-0,120224298952230
0,345848821680267	-0,127568427254286
0,329678548369453	-0,125130323156324
0,160941520371671	-0,113850282475955
0,196179980862349	-0,0965859152349183
0,376095161312239	-0,0741543109551139
0,0981003487205534	-0,0476056658482224
0,587532908376840	-0,0183668250453661
0,204028401631716	0,0129569572348376
0,936859818503511	0,0460472581795909
0,846130355005845	0,0827859659138655
0,176093306076182	0,118028548157341
0,669688335887504	0,142964202352853
0,947132991668160	0,158925020903511
0,0834491281645499	0,165346951871090
0,585295087321069	0,156549535583240
0,152653830617864	0,132710415578729
0,998536012540155	0,0995245000860101
0,982008510344114	0,0665687996824122
0,859087198017577	0,0387878766632900
0,448193781180759	0,0126829972121893
0,475380503432216	-0,0158505393975137
0,435611710392143	-0,0468922598230718
0,914589575173759	-0,0756008938971153
0,0422354885798786	-0,0998390893781666
0,112093907138954	-0,124286713399193
0,201951764742676	-0,149299290252180
0,896904238557808	-0,166313362336960
0,0988722542376498	-0,170074130508280
0,170338579966440	-0,165120286218699
0,342145550768226	-0,153923419306189
0,459630201946667	-0,133642519483768